%YAML:1.2
reference_points:
  - [-0.117814, 0.026851, 0.000133]
  - [-0.056932, 0.008417, 0.015252]
  - [0.062319, -0.030653, 0.009377]
  - [0.056761, -0.045995, 0.003297]
  - [-0.033154, -0.009330, 0.012142]
  - [0.001947, -0.017901, 0.004410]

  # - [0.002, 0.002, -0.05]
  # - [0.002, 0.002, 0.05]
  # - [0.002, -0.002, 0.05]
  # - [0.002, -0.002, -0.05]

  



