%YAML:1.2
reference_points:
  - [-0.009637, 0.000737, -0.000696]
  - [-0.000331, 0.000437, -0.000126]
  - [0.002912, -0.000073, -0.000704]
  - [0.008095, 0.000217, -0.000731]
  - [-0.000568, -0.000460, -0.000149]
  - [-0.009869, -0.001024, -0.000591]

  # - [0.002, 0.002, -0.05]
  # - [0.002, 0.002, 0.05]
  # - [0.002, -0.002, 0.05]
  # - [0.002, -0.002, -0.05]

  



