%YAML:1.2
reference_points:
  - [-0.000063, -0.000024, -0.002814]
  - [0.000023, -0.001177, -0.003436]
  - [0.001316, 0.000649, -0.003506]
  - [-0.001012, 0.000859, -0.003491]
  - [-0.000744, -0.003127, -0.002204]
  - [0.000626, 0.002127, -0.003302]

  # - [0.002, 0.002, -0.05]
  # - [0.002, 0.002, 0.05]
  # - [0.002, -0.002, 0.05]
  # - [0.002, -0.002, -0.05]