%YAML:1.2
reference_points:
  - [-0.006055, 0.005219, 0.002559]
  - [0.000189, -0.008010, 0.002563]
  - [0.006173, 0.005121, 0.002510]
  - [-0.000077, 0.004241, -0.002738]
  - [-0.002986, -0.003153, -0.002718]
  - [0.003081, -0.002982, -0.002631]

  # - [0.002, 0.002, -0.05]
  # - [0.002, 0.002, 0.05]
  # - [0.002, -0.002, 0.05]
  # - [0.002, -0.002, -0.05]