%YAML:1.2
reference_points:
  - [-0.125165, -0.033539, 0.000558]
  - [-0.014419, -0.035122, 0.005408]
  - [0.019922, -0.030685, -0.000293]
  - [0.071486, -0.022510, 0.012717]
  - [0.001108, -0.024095, 0.001871]
  - [-0.022468, -0.018870, 0.002193]

  # - [0.002, 0.002, -0.05]
  # - [0.002, 0.002, 0.05]
  # - [0.002, -0.002, 0.05]
  # - [0.002, -0.002, -0.05]

  



