%YAML:1.2
reference_points:
  - [0.061514, -0.008974, 0.018725]
  - [0.057787, -0.006175, -0.017595]
  - [0.041181, -0.000019, 0.041895]
  - [-0.007559, -0.042153, 0.042008]
  - [-0.047393, 0.011642, 0.039541]
  - [-0.024753, -0.033875, -0.028153]

  # - [0.002, 0.002, -0.05]
  # - [0.002, 0.002, 0.05]
  # - [0.002, -0.002, 0.05]
  # - [0.002, -0.002, -0.05]

  



