%YAML:1.2
reference_points:
  - [0.000538, -0.036474, -0.037891]
  - [0.037875, 0.000933, -0.026075]
  - [0.058082, 0.001234, -0.017327]
  - [0.059616, 0.004280, 0.018470]
  - [0.039673, -0.006526, 0.041984]
  - [-0.007696, 0.043011, 0.041770]

  # - [0.002, 0.002, -0.05]
  # - [0.002, 0.002, 0.05]
  # - [0.002, -0.002, 0.05]
  # - [0.002, -0.002, -0.05]

  - [-0.020900, -0.037989, 0.069194]
  - [-0.010889, -0.056613, 0.071171]
  - [-0.040091, -0.053643, 0.016171]
  - [-0.008485, -0.074841, 0.009633]
  - [0.021149, -0.059271, 0.019009]
  - [0.018746, -0.025866, 0.036079]