%YAML:1.2
reference_points:
  - [-0.062655, 0.047941, 0.028643]
  - [0.000474, -0.081626, 0.028071]
  - [0.062380, 0.047521, 0.028710]
  - [-0.003701, 0.042768, -0.024216]
  - [-0.035132, -0.028814, -0.022432]
  - [0.035396, -0.027680, -0.024098]

  # - [0.002, 0.002, -0.05]
  # - [0.002, 0.002, 0.05]
  # - [0.002, -0.002, 0.05]
  # - [0.002, -0.002, -0.05]

