%YAML:1.2
reference_points:
  - [-0.002183, -0.003020, 0.001457]
  - [-0.001932, -0.002255, 0.003116]
  - [0.002144, -0.000214, 0.003571]
  - [-0.003612, 0.000141, 0.002069]
  - [0.003478, 0.000024, -0.001665]
  - [-0.000798, 0.002965, -0.002330]

  # - [0.002, 0.002, -0.05]
  # - [0.002, 0.002, 0.05]
  # - [0.002, -0.002, 0.05]
  # - [0.002, -0.002, -0.05]