%YAML:1.2
reference_points:
  - [-0.019237, -0.038111, 0.070126]
  - [-0.010532, -0.056803, 0.071145]
  - [-0.018574, -0.067803, 0.065002]
  - [-0.035346, -0.026867, 0.021091]
  - [-0.007537, -0.063917, 0.003027]
  - [0.020625, -0.062704, 0.021548]

  # - [0.002, 0.002, -0.05]
  # - [0.002, 0.002, 0.05]
  # - [0.002, -0.002, 0.05]
  # - [0.002, -0.002, -0.05]

  