%YAML:1.2
reference_points:
  - [0.003098, -0.022250, 0.012714]
  - [-0.040968, -0.034064, 0.022904]
  - [-0.019146, -0.070993, 0.009067]
  - [0.021787, -0.061530, 0.022520]
  - [-0.026035, -0.079374, 0.026905]
  - [-0.031129, -0.075507, 0.047280]

  # - [0.002, 0.002, -0.05]
  # - [0.002, 0.002, 0.05]
  # - [0.002, -0.002, 0.05]
  # - [0.002, -0.002, -0.05]

  