%YAML:1.2
reference_points:
  - [0.062654, 0.073213, 0.000222]
  - [0.040015, 0.064665, 0.004278]
  - [-0.006497, -0.007655, 0.006882]
  - [-0.012650, -0.092698, 0.008115]
  - [-0.022509, -0.094619, 0.008714]
  - [-0.022509, -0.094619, 0.008714]

  # - [0.002, 0.002, -0.05]
  # - [0.002, 0.002, 0.05]
  # - [0.002, -0.002, 0.05]
  # - [0.002, -0.002, -0.05]

  



