%YAML:1.2
reference_points:
  - [-0.003262, -0.000166, 0.002737]
  - [-0.000228, -0.002524, 0.003251]
  - [0.002649, -0.000850, 0.003293]
  - [0.000025, -0.003738, 0.000749]
  - [-0.002426, -0.001177, -0.002985]
  - [0.001984, -0.002197, -0.002878]

  # - [0.002, 0.002, -0.05]
  # - [0.002, 0.002, 0.05]
  # - [0.002, -0.002, 0.05]
  # - [0.002, -0.002, -0.05]