%YAML:1.2
reference_points:
  - [-0.007758, 0.007780, -0.000729]
  - [0.001150, -0.001280, -0.001353]
  - [0.002654, -0.002605, -0.001523]
  - [0.007316, -0.006644, 0.001409]
  - [0.006381, -0.007467, 0.001146]
  - [0.006119, -0.006273, 0.001293]

  # - [0.002, 0.002, -0.05]
  # - [0.002, 0.002, 0.05]
  # - [0.002, -0.002, 0.05]
  # - [0.002, -0.002, -0.05]