%YAML:1.2
reference_points:
  - [-0.122858, 0.065753, 0.021533]
  - [0.098947, 0.062956, 0.023271]
  - [-0.011211, -0.129974, 0.018267]
  - [-0.011474, 0.084498, -0.000972]
  - [-0.076475, -0.056380, -0.000481]
  - [0.056899, -0.052933, 0.000491]

  # - [0.002, 0.002, -0.05]
  # - [0.002, 0.002, 0.05]
  # - [0.002, -0.002, 0.05]
  # - [0.002, -0.002, -0.05]

  



