sub1
0
-0.91655, -0.386096, 0.104241, -0.0129517, -0.104369, -0.0206949, -0.994323, 0.23142, 0.386061, -0.922226, -0.0213285, 0.551863, 0, 0, 0, 1
1
-0.911755, -0.39814, 0.100941, -0.0128301, -0.0836192, -0.0606832, -0.994648, 0.230654, 0.402135, -0.915315, 0.0220359, 0.551035, 0, 0, 0, 1
2
-0.935519, -0.339617, 0.0972915, -0.0113005, -0.0775049, -0.0713824, -0.994433, 0.231849, 0.344672, -0.93785, 0.0404574, 0.555291, 0, 0, 0, 1
3
-0.936346, -0.338246, 0.0940528, -0.0110673, -0.0708306, -0.0803839, -0.994244, 0.23072, 0.34386, -0.937617, 0.0513088, 0.554255, 0, 0, 0, 1
4
-0.935647, -0.340352, 0.0934148, -0.010859, -0.0607922, -0.105308, -0.992579, 0.230863, 0.347664, -0.934382, 0.0778399, 0.553229, 0, 0, 0, 1
5
-0.939641, -0.329962, 0.0905504, -0.0104035, -0.0593748, -0.103386, -0.992867, 0.230991, 0.33697, -0.938315, 0.0775544, 0.554601, 0, 0, 0, 1
6
-0.936462, -0.337004, 0.0973009, -0.0109444, -0.0620751, -0.113794, -0.991563, 0.230527, 0.345233, -0.9346, 0.0856439, 0.554786, 0, 0, 0, 1
7
-0.946433, -0.308725, 0.0946232, -0.0100721, -0.0648856, -0.105231, -0.992328, 0.231635, 0.316314, -0.945312, 0.0795622, 0.559066, 0, 0, 0, 1
8
-0.945978, -0.309689, 0.0960144, -0.0101882, -0.0648035, -0.109564, -0.991865, 0.231939, 0.317689, -0.944504, 0.0835758, 0.559646, 0, 0, 0, 1
9
-0.943704, -0.316654, 0.0956656, -0.0101443, -0.0691787, -0.0938836, -0.993177, 0.232006, 0.323475, -0.943883, 0.0666924, 0.560268, 0, 0, 0, 1
10
-0.946336, -0.308928, 0.0949278, -0.00996264, -0.0649327, -0.105991, -0.992244, 0.231963, 0.316594, -0.945161, 0.0802432, 0.55915, 0, 0, 0, 1
11
-0.945078, -0.31236, 0.0962199, -0.00998211, -0.0620123, -0.11768, -0.991113, 0.231484, 0.320907, -0.942647, 0.0918461, 0.558681, 0, 0, 0, 1
12
-0.946863, -0.307062, 0.0957251, -0.00983592, -0.0596008, -0.124957, -0.99037, 0.231313, 0.316066, -0.94345, 0.100016, 0.558662, 0, 0, 0, 1
13
-0.946531, -0.30861, 0.0940138, -0.00970817, -0.0579489, -0.124034, -0.990584, 0.231447, 0.317365, -0.943067, 0.0995181, 0.558444, 0, 0, 0, 1
14
-0.951297, -0.293519, 0.0942338, -0.00927445, -0.048856, -0.158271, -0.986186, 0.230746, 0.304379, -0.94276, 0.136223, 0.558673, 0, 0, 0, 1
15
-0.948063, -0.303201, 0.0961509, -0.00962401, -0.0566661, -0.136453, -0.989024, 0.231131, 0.312993, -0.943106, 0.112184, 0.558471, 0, 0, 0, 1
16
-0.947551, -0.30432, 0.0976527, -0.00978137, -0.063909, -0.118958, -0.99084, 0.231242, 0.313149, -0.945113, 0.0932695, 0.558787, 0, 0, 0, 1
17
-0.94258, -0.319943, 0.0958012, -0.0101304, -0.0506558, -0.146574, -0.987901, 0.229785, 0.330114, -0.93603, 0.12195, 0.55592, 0, 0, 0, 1
18
-0.950783, -0.293855, 0.0982854, -0.00938096, -0.0605274, -0.134952, -0.989001, 0.23056, 0.303886, -0.946276, 0.110523, 0.557953, 0, 0, 0, 1
19
-0.947603, -0.303273, 0.100367, -0.00967003, -0.0621056, -0.133294, -0.989128, 0.230221, 0.313354, -0.943535, 0.107474, 0.557532, 0, 0, 0, 1
20
-0.949103, -0.300308, 0.0949644, -0.00917195, -0.0537651, -0.142609, -0.988317, 0.230232, 0.310342, -0.943121, 0.119204, 0.558527, 0, 0, 0, 1
21
-0.951261, -0.293814, 0.0936793, -0.00900114, -0.048262, -0.158194, -0.986227, 0.230117, 0.304586, -0.942681, 0.136303, 0.558428, 0, 0, 0, 1
22
-0.947358, -0.305601, 0.0955001, -0.00927148, -0.0468705, -0.162691, -0.985562, 0.229502, 0.316726, -0.938157, 0.139802, 0.557061, 0, 0, 0, 1
23
-0.949673, -0.29865, 0.0944918, -0.00896088, -0.0501337, -0.152857, -0.986975, 0.22992, 0.309204, -0.942042, 0.130191, 0.557778, 0, 0, 0, 1
24
-0.946574, -0.305496, 0.103295, -0.00944655, -0.0564061, -0.158529, -0.985741, 0.228943, 0.317515, -0.938904, 0.132827, 0.556565, 0, 0, 0, 1
25
-0.94756, -0.302322, 0.10359, -0.00926588, -0.0518371, -0.174453, -0.983299, 0.227232, 0.315344, -0.937106, 0.149633, 0.552869, 0, 0, 0, 1
26
-0.94806, -0.297572, 0.112395, -0.009682, -0.0602047, -0.179093, -0.981988, 0.226579, 0.312341, -0.937751, 0.151875, 0.551331, 0, 0, 0, 1
27
-0.956846, -0.26889, 0.110199, -0.00852016, -0.0702394, -0.153971, -0.985575, 0.227387, 0.281978, -0.950784, 0.128439, 0.553311, 0, 0, 0, 1
28
-0.95935, -0.258, 0.114382, -0.00833696, -0.0747087, -0.158674, -0.9845, 0.227682, 0.272151, -0.953026, 0.132948, 0.553548, 0, 0, 0, 1
29
-0.964904, -0.23766, 0.111706, -0.00756527, -0.0768956, -0.151028, -0.985534, 0.227698, 0.251093, -0.959535, 0.127452, 0.553123, 0, 0, 0, 1
30
-0.966362, -0.229404, 0.116268, -0.00726483, -0.0840219, -0.145666, -0.985759, 0.22851, 0.243074, -0.962369, 0.121491, 0.554538, 0, 0, 0, 1
31
-0.974642, -0.197171, 0.105812, -0.00615807, -0.0787119, -0.140557, -0.986938, 0.229845, 0.209469, -0.97024, 0.121472, 0.556748, 0, 0, 0, 1
32
-0.973754, -0.198561, 0.111254, -0.00612835, -0.0834248, -0.143415, -0.98614, 0.22864, 0.211764, -0.969538, 0.123086, 0.553847, 0, 0, 0, 1
33
-0.976177, -0.186473, 0.110935, -0.00558319, -0.0831722, -0.150637, -0.985084, 0.22819, 0.200402, -0.970843, 0.131538, 0.552178, 0, 0, 0, 1
34
-0.977387, -0.182189, 0.107336, -0.00516814, -0.0788012, -0.157223, -0.984413, 0.226849, 0.196225, -0.970612, 0.139311, 0.548425, 0, 0, 0, 1
35
-0.976293, -0.186615, 0.109662, -0.00530665, -0.0748276, -0.184418, -0.979994, 0.226351, 0.203105, -0.964969, 0.166081, 0.548708, 0, 0, 0, 1
36
-0.975702, -0.19358, 0.102626, -0.00528989, -0.0718582, -0.159763, -0.984536, 0.226324, 0.206982, -0.967989, 0.141971, 0.547534, 0, 0, 0, 1
37
-0.978809, -0.175517, 0.105484, -0.00482313, -0.0728134, -0.183145, -0.980385, 0.226192, 0.191394, -0.967291, 0.166483, 0.547918, 0, 0, 0, 1
38
-0.975166, -0.19732, 0.100578, -0.00528299, -0.0696375, -0.157918, -0.984993, 0.22616, 0.210242, -0.967536, 0.140255, 0.546733, 0, 0, 0, 1
39
-0.97569, -0.192348, 0.105029, -0.00518176, -0.0703321, -0.179075, -0.981317, 0.225377, 0.207563, -0.964849, 0.161193, 0.54659, 0, 0, 0, 1
40
-0.974213, -0.20024, 0.103988, -0.00547872, -0.0683514, -0.177312, -0.981778, 0.224949, 0.21503, -0.963568, 0.159052, 0.544386, 0, 0, 0, 1
41
-0.980663, -0.166124, 0.103453, -0.00448936, -0.075258, -0.167856, -0.982934, 0.226054, 0.180654, -0.971713, 0.152108, 0.547056, 0, 0, 0, 1
42
-0.979779, -0.169993, 0.105525, -0.00466309, -0.0755702, -0.173936, -0.981853, 0.22617, 0.185263, -0.969973, 0.157572, 0.548167, 0, 0, 0, 1
43
-0.980319, -0.16648, 0.106105, -0.00459449, -0.0767045, -0.174035, -0.981747, 0.225921, 0.181908, -0.970564, 0.15784, 0.547359, 0, 0, 0, 1
44
-0.981014, -0.164023, 0.103481, -0.00430785, -0.0750958, -0.170683, -0.98246, 0.225607, 0.178809, -0.971577, 0.155124, 0.545698, 0, 0, 0, 1
45
-0.983943, -0.145243, 0.103739, -0.00375014, -0.0876689, -0.112992, -0.98972, 0.226835, 0.155472, -0.982922, 0.098444, 0.548029, 0, 0, 0, 1
46
-0.983373, -0.148289, 0.104828, -0.00373291, -0.0891756, -0.108542, -0.990083, 0.227187, 0.158197, -0.982969, 0.0935136, 0.548954, 0, 0, 0, 1
47
-0.984155, -0.142001, 0.106182, -0.00367853, -0.0828715, -0.161039, -0.983462, 0.2262, 0.156753, -0.976678, 0.146719, 0.546758, 0, 0, 0, 1
48
-0.985604, -0.133064, 0.104304, -0.00341091, -0.0842545, -0.148305, -0.985345, 0.226404, 0.146583, -0.979948, 0.134958, 0.54702, 0, 0, 0, 1
49
-0.984137, -0.143477, 0.104344, -0.00363313, -0.0897576, -0.104641, -0.99045, 0.227384, 0.153026, -0.984105, 0.0901026, 0.548901, 0, 0, 0, 1
50
-0.981818, -0.158836, 0.103939, -0.00397362, -0.0863496, -0.113903, -0.989731, 0.227082, 0.169044, -0.980712, 0.0981165, 0.547283, 0, 0, 0, 1
51
-0.984966, -0.14012, 0.101033, -0.00331817, -0.089246, -0.0880122, -0.992113, 0.228112, 0.147907, -0.986215, 0.0741832, 0.549433, 0, 0, 0, 1
52
-0.987553, -0.120479, 0.101111, -0.00275576, -0.0853871, -0.12921, -0.987933, 0.226896, 0.13209, -0.984271, 0.117314, 0.54673, 0, 0, 0, 1
53
-0.990842, -0.090379, 0.10032, -0.00190871, -0.0903521, -0.108343, -0.989998, 0.228642, 0.100344, -0.989997, 0.0991846, 0.552187, 0, 0, 0, 1
54
-0.988626, -0.112199, 0.100152, -0.00243327, -0.0886658, -0.103072, -0.990713, 0.228509, 0.121481, -0.988326, 0.0919509, 0.551112, 0, 0, 0, 1
55
-0.987642, -0.119648, 0.101227, -0.00271394, -0.0867217, -0.120782, -0.988883, 0.22809, 0.130545, -0.985442, 0.108913, 0.551465, 0, 0, 0, 1
56
-0.988062, -0.117139, 0.100053, -0.00282569, -0.0826325, -0.145138, -0.985954, 0.22655, 0.130015, -0.982453, 0.133726, 0.545656, 0, 0, 0, 1
57
-0.990317, -0.0975939, 0.0987314, -0.00206366, -0.0871402, -0.116637, -0.989344, 0.228151, 0.10807, -0.988367, 0.107003, 0.550307, 0, 0, 0, 1
58
-0.989874, -0.10283, 0.0978533, -0.0020243, -0.0843527, -0.128311, -0.988139, 0.227055, 0.114166, -0.986388, 0.118338, 0.546254, 0, 0, 0, 1
59
-0.991573, -0.0830471, 0.0994291, -0.00157547, -0.089042, -0.120584, -0.988701, 0.228022, 0.0940985, -0.989223, 0.112173, 0.550061, 0, 0, 0, 1
60
-0.989646, -0.103344, 0.0996008, -0.00217765, -0.0871548, -0.118663, -0.989101, 0.227984, 0.114037, -0.987542, 0.108427, 0.550187, 0, 0, 0, 1
61
-0.991205, -0.0926464, 0.0944934, -0.00162783, -0.0809809, -0.140096, -0.986819, 0.226964, 0.104664, -0.985794, 0.131361, 0.546153, 0, 0, 0, 1
62
-0.993786, -0.0622671, 0.0922609, -0.00083962, -0.0858553, -0.0987092, -0.991404, 0.229184, 0.0708391, -0.993166, 0.0927495, 0.552787, 0, 0, 0, 1
63
-0.993674, -0.0759505, 0.0827293, -0.000777025, -0.0743927, -0.106706, -0.991502, 0.227983, 0.084133, -0.991385, 0.10038, 0.549135, 0, 0, 0, 1
64
-0.992883, -0.0771924, 0.0906943, -0.00147532, -0.0832328, -0.0949346, -0.991996, 0.229007, 0.0851849, -0.992486, 0.0878336, 0.551637, 0, 0, 0, 1
65
-0.990605, -0.10148, 0.0916667, -0.00193269, -0.0776416, -0.134442, -0.987873, 0.226131, 0.112574, -0.985711, 0.125299, 0.544291, 0, 0, 0, 1
66
-0.987599, -0.132467, 0.0842642, -0.00244566, -0.0698664, -0.109819, -0.991491, 0.226038, 0.140594, -0.985084, 0.0992016, 0.543341, 0, 0, 0, 1
67
-0.989891, -0.121019, 0.0739542, -0.00126513, -0.0605441, -0.110966, -0.991976, 0.225345, 0.128254, -0.986428, 0.102517, 0.541222, 0, 0, 0, 1
68
-0.977865, -0.193421, 0.079799, -0.00358689, -0.0678544, -0.0676229, -0.995399, 0.222811, 0.197927, -0.978782, 0.0530011, 0.538875, 0, 0, 0, 1
69
-0.961456, -0.260663, 0.0874986, -0.00496814, -0.0904517, -0.000669836, -0.995899, 0.220091, 0.259653, -0.965429, -0.022934, 0.538594, 0, 0, 0, 1
70
-0.971193, -0.220821, 0.0895588, -0.00344274, -0.0906957, -0.00500717, -0.995864, 0.217645, 0.220356, -0.975301, -0.0151652, 0.543216, 0, 0, 0, 1
71
-0.996667, -0.0184525, 0.0794616, 0.00299622, -0.0783176, -0.0561186, -0.995345, 0.216386, 0.0228262, -0.998253, 0.0544859, 0.558936, 0, 0, 0, 1
72
-0.995794, 0.0476992, 0.0782162, 0.00544561, -0.0827475, -0.101883, -0.991347, 0.211767, -0.0393174, -0.993652, 0.105401, 0.562005, 0, 0, 0, 1
73
-0.993701, 0.0842585, 0.0738795, 0.00721408, -0.0812178, -0.0872722, -0.992866, 0.207732, -0.0772096, -0.992614, 0.0935654, 0.563703, 0, 0, 0, 1
74
-0.987153, 0.14171, 0.0738071, 0.0101639, -0.075017, -0.00320565, -0.997175, 0.199476, -0.141073, -0.989902, 0.0137946, 0.572644, 0, 0, 0, 1
75
-0.98295, 0.165848, 0.079403, 0.0109615, -0.0777749, 0.0163, -0.996836, 0.194099, -0.166617, -0.986015, -0.00312374, 0.575413, 0, 0, 0, 1
76
-0.983504, 0.163665, 0.0770237, 0.0115207, -0.0800044, -0.0116884, -0.996724, 0.187152, -0.162229, -0.986446, 0.0245891, 0.574167, 0, 0, 0, 1
77
-0.986683, 0.144463, 0.0747398, 0.0118076, -0.0781374, -0.0179802, -0.996779, 0.181424, -0.142654, -0.989346, 0.0290283, 0.575362, 0, 0, 0, 1
78
-0.984684, 0.159134, 0.0712329, 0.0129411, -0.0740353, -0.0117429, -0.997185, 0.176057, -0.15785, -0.987186, 0.0233441, 0.577404, 0, 0, 0, 1
79
-0.989638, 0.127591, 0.065849, 0.0132035, -0.0684615, -0.0161929, -0.99752, 0.1704, -0.126208, -0.991693, 0.0247597, 0.577445, 0, 0, 0, 1
80
-0.987686, 0.140777, 0.0682504, 0.0141801, -0.069247, -0.00218538, -0.997595, 0.165414, -0.140289, -0.990038, 0.0119064, 0.579656, 0, 0, 0, 1
81
-0.988578, 0.131525, 0.0735758, 0.0143104, -0.0758011, -0.011985, -0.997049, 0.159034, -0.130255, -0.991239, 0.0218174, 0.579315, 0, 0, 0, 1
82
-0.98555, 0.148963, 0.0806277, 0.0151888, -0.0815887, -0.00033993, -0.996664, 0.153209, -0.148438, -0.988842, 0.0124882, 0.580703, 0, 0, 0, 1
83
-0.989319, 0.11451, 0.0901914, 0.0144281, -0.0917128, -0.00807576, -0.995751, 0.147215, -0.113295, -0.993388, 0.018491, 0.579741, 0, 0, 0, 1
84
-0.989144, 0.109994, 0.0974324, 0.0144585, -0.097054, 0.00880373, -0.995239, 0.141132, -0.110327, -0.993892, 0.00196666, 0.580378, 0, 0, 0, 1
85
-0.987864, 0.114313, 0.10514, 0.0147313, -0.10596, -0.00109472, -0.994368, 0.134568, -0.113554, -0.993443, 0.0131935, 0.578048, 0, 0, 0, 1
86
-0.982386, 0.144749, 0.118166, 0.0161017, -0.11953, -0.000732751, -0.992829, 0.122459, -0.143624, -0.989467, 0.0180212, 0.576004, 0, 0, 0, 1
87
-0.979706, 0.158023, 0.123301, 0.016732, -0.12389, 0.00615695, -0.992275, 0.116868, -0.157561, -0.987414, 0.013545, 0.575887, 0, 0, 0, 1
88
-0.977622, 0.162883, 0.133128, 0.0167805, -0.130356, 0.0276356, -0.99108, 0.111316, -0.165109, -0.986257, -0.00578489, 0.575497, 0, 0, 0, 1
89
-0.9818, 0.126346, 0.14179, 0.0159031, -0.138527, 0.0342943, -0.989763, 0.105772, -0.129915, -0.991392, -0.0161683, 0.576614, 0, 0, 0, 1
90
-0.980482, 0.118142, 0.157148, 0.0154728, -0.153586, 0.0387322, -0.987374, 0.0995818, -0.122737, -0.992239, -0.0198318, 0.575049, 0, 0, 0, 1
91
-0.978281, 0.123585, 0.166408, 0.0155598, -0.162299, 0.0426739, -0.985816, 0.0940757, -0.128934, -0.991414, -0.0216898, 0.574692, 0, 0, 0, 1
92
-0.977688, 0.110069, 0.178912, 0.0151393, -0.174997, 0.0443332, -0.983568, 0.0883161, -0.116192, -0.992933, -0.0240829, 0.57467, 0, 0, 0, 1
93
-0.976799, 0.0829027, 0.197456, 0.0139177, -0.193649, 0.0517709, -0.979702, 0.0835823, -0.0914422, -0.99521, -0.0345163, 0.575324, 0, 0, 0, 1
94
-0.974288, 0.0714262, 0.213684, 0.0133682, -0.212514, 0.0236833, -0.976868, 0.078229, -0.0748346, -0.997163, -0.00789574, 0.573406, 0, 0, 0, 1
95
-0.968304, 0.0828813, 0.235621, 0.0129874, -0.236054, 0.00467084, -0.971726, 0.0728911, -0.0816383, -0.996547, 0.0150412, 0.569815, 0, 0, 0, 1
96
-0.963485, 0.0695888, 0.25856, 0.011956, -0.259795, -0.0091645, -0.965617, 0.0687522, -0.0648265, -0.997532, 0.0269082, 0.567349, 0, 0, 0, 1
97
-0.958104, 0.0683013, 0.278155, 0.0112948, -0.280514, -0.0275915, -0.95945, 0.0652071, -0.0578569, -0.997281, 0.0455946, 0.566061, 0, 0, 0, 1
98
-0.94715, 0.103918, 0.303493, 0.0105045, -0.30938, -0.0458133, -0.949831, 0.0623637, -0.0848003, -0.993528, 0.0755417, 0.559912, 0, 0, 0, 1
99
-0.918126, 0.224163, 0.326795, 0.012941, -0.361613, -0.136562, -0.92227, 0.0553302, -0.162111, -0.964933, 0.206441, 0.549403, 0, 0, 0, 1
100
-0.895514, 0.265322, 0.357293, 0.0125951, -0.405432, -0.155316, -0.900831, 0.05146, -0.183517, -0.951565, 0.246657, 0.545543, 0, 0, 0, 1
101
-0.875013, 0.285804, 0.390725, 0.0115451, -0.451816, -0.192351, -0.871124, 0.0463384, -0.173815, -0.938783, 0.29744, 0.541418, 0, 0, 0, 1
102
-0.840082, 0.345482, 0.418215, 0.0120832, -0.514707, -0.264231, -0.815631, 0.0386052, -0.17128, -0.900456, 0.399797, 0.533757, 0, 0, 0, 1
103
-0.838596, 0.304312, 0.451829, 0.00932554, -0.53606, -0.313423, -0.783837, 0.0338568, -0.096917, -0.899532, 0.425964, 0.533838, 0, 0, 0, 1
104
-0.821873, 0.313871, 0.475403, 0.00846125, -0.567776, -0.383363, -0.728462, 0.0271009, -0.0463904, -0.868628, 0.493285, 0.531631, 0, 0, 0, 1
105
-0.801749, 0.347931, 0.485944, 0.00882123, -0.597544, -0.450711, -0.66317, 0.0200376, -0.0117171, -0.822071, 0.569261, 0.525631, 0, 0, 0, 1
106
-0.776096, 0.395031, 0.491552, 0.0101091, -0.630606, -0.489455, -0.602298, 0.0141766, 0.0026664, -0.777419, 0.628974, 0.522255, 0, 0, 0, 1
107
-0.758793, 0.411013, 0.505272, 0.0104928, -0.650646, -0.51385, -0.559118, 0.00998605, 0.0298298, -0.75301, 0.65733, 0.520315, 0, 0, 0, 1
108
-0.740904, 0.438391, 0.508795, 0.0117871, -0.670415, -0.527895, -0.521407, 0.00759727, 0.0400105, -0.727418, 0.685024, 0.518339, 0, 0, 0, 1
109
-0.73883, 0.435054, 0.514642, 0.011968, -0.670684, -0.549111, -0.498653, 0.00617697, 0.0656548, -0.713584, 0.697484, 0.516736, 0, 0, 0, 1
110
-0.726069, 0.443231, 0.525708, 0.0124956, -0.682101, -0.560922, -0.469147, 0.00463985, 0.0869414, -0.699221, 0.709597, 0.518675, 0, 0, 0, 1
111
-0.715005, 0.450945, 0.534243, 0.0131274, -0.690309, -0.576301, -0.43743, 0.002481, 0.110629, -0.681558, 0.723351, 0.518283, 0, 0, 0, 1
112
-0.70472, 0.45888, 0.541108, 0.013703, -0.697396, -0.588213, -0.409437, 0.00130346, 0.130405, -0.665906, 0.734547, 0.517716, 0, 0, 0, 1
113
-0.69739, 0.463741, 0.546435, 0.0142444, -0.700863, -0.600632, -0.384742, 0.000234403, 0.149787, -0.651293, 0.743894, 0.518795, 0, 0, 0, 1
114
-0.689845, 0.471365, 0.54948, 0.0150098, -0.703227, -0.616615, -0.35391, -0.00107112, 0.171998, -0.630554, 0.756845, 0.518938, 0, 0, 0, 1
115
-0.681623, 0.478745, 0.553347, 0.0157479, -0.707167, -0.625212, -0.33018, -0.00146084, 0.187888, -0.616369, 0.764711, 0.519625, 0, 0, 0, 1
116
-0.674044, 0.48943, 0.553283, 0.0167041, -0.712944, -0.627049, -0.313869, -0.00117701, 0.19332, -0.606023, 0.771595, 0.520455, 0, 0, 0, 1
117
-0.67629, 0.482641, 0.556497, 0.0167084, -0.707244, -0.636684, -0.307301, -0.000230911, 0.205998, -0.601405, 0.771928, 0.521294, 0, 0, 0, 1
118
-0.689991, 0.468765, 0.551517, 0.0167718, -0.692788, -0.648399, -0.315622, 0.00202546, 0.209652, -0.599862, 0.772145, 0.521102, 0, 0, 0, 1
119
-0.710168, 0.443294, 0.546947, 0.0161904, -0.675685, -0.647374, -0.352635, 0.00681612, 0.19776, -0.619994, 0.759272, 0.521802, 0, 0, 0, 1
120
-0.7386, 0.416995, 0.529703, 0.0157693, -0.6523, -0.640447, -0.40537, 0.0129586, 0.170211, -0.644932, 0.745041, 0.522354, 0, 0, 0, 1
121
-0.765832, 0.384458, 0.515454, 0.0147815, -0.627124, -0.623772, -0.466496, 0.0200165, 0.142178, -0.680511, 0.718808, 0.524115, 0, 0, 0, 1
122
-0.79158, 0.356139, 0.496553, 0.0140561, -0.599967, -0.607124, -0.520994, 0.0255651, 0.115924, -0.710324, 0.69426, 0.524016, 0, 0, 0, 1
123
-0.805992, 0.341139, 0.483736, 0.0134996, -0.584154, -0.590387, -0.556956, 0.0288593, 0.0955932, -0.731479, 0.675126, 0.525383, 0, 0, 0, 1
124
-0.808891, 0.359202, 0.465478, 0.0138474, -0.586213, -0.553657, -0.591449, 0.0327236, 0.0452659, -0.751287, 0.658419, 0.527226, 0, 0, 0, 1
125
-0.826784, 0.342487, 0.446242, 0.013478, -0.561911, -0.539675, -0.626898, 0.0361307, 0.0261221, -0.769057, 0.638643, 0.528813, 0, 0, 0, 1
126
-0.838356, 0.337667, 0.42795, 0.0135144, -0.54512, -0.516901, -0.660039, 0.039376, -0.0016645, -0.786631, 0.617417, 0.529671, 0, 0, 0, 1
127
-0.853829, 0.330005, 0.402583, 0.0139327, -0.519421, -0.489137, -0.700671, 0.0441353, -0.0343061, -0.807363, 0.589053, 0.530398, 0, 0, 0, 1
128
-0.865426, 0.344875, 0.363454, 0.0157147, -0.492418, -0.451483, -0.744098, 0.0495868, -0.0925271, -0.822933, 0.560549, 0.528392, 0, 0, 0, 1
129
-0.888351, 0.323531, 0.325823, 0.016303, -0.439648, -0.394654, -0.806816, 0.0564536, -0.132442, -0.859982, 0.492833, 0.529448, 0, 0, 0, 1
130
-0.899218, 0.324828, 0.293077, 0.0174639, -0.403164, -0.355096, -0.843422, 0.0609216, -0.169896, -0.876577, 0.450269, 0.530573, 0, 0, 0, 1
131
-0.904894, 0.338224, 0.258401, 0.0188842, -0.369041, -0.320966, -0.872229, 0.0644549, -0.21207, -0.884635, 0.415261, 0.530648, 0, 0, 0, 1
132
-0.917174, 0.324622, 0.231112, 0.0194744, -0.331898, -0.301333, -0.893888, 0.0671512, -0.220534, -0.896556, 0.384118, 0.531089, 0, 0, 0, 1
133
-0.92418, 0.322943, 0.20396, 0.0204595, -0.293822, -0.259897, -0.919846, 0.0705423, -0.244049, -0.91003, 0.335082, 0.534244, 0, 0, 0, 1
134
-0.911689, 0.365225, 0.188237, 0.0218712, -0.288202, -0.2419, -0.926509, 0.0709076, -0.29285, -0.898938, 0.325799, 0.533526, 0, 0, 0, 1
135
-0.902228, 0.397224, 0.16792, 0.0234954, -0.278382, -0.239052, -0.930243, 0.0704608, -0.329373, -0.886037, 0.326262, 0.533017, 0, 0, 0, 1
136
-0.92439, 0.349769, 0.152201, 0.0231329, -0.238849, -0.219643, -0.945888, 0.072354, -0.297412, -0.910721, 0.28658, 0.537508, 0, 0, 0, 1
137
-0.927115, 0.348442, 0.138005, 0.0235036, -0.211533, -0.182549, -0.960169, 0.0740466, -0.309371, -0.919379, 0.242954, 0.540113, 0, 0, 0, 1
138
-0.927266, 0.35148, 0.128992, 0.0237732, -0.183834, -0.127283, -0.974679, 0.0764817, -0.326161, -0.9275, 0.182641, 0.541724, 0, 0, 0, 1
139
-0.92178, 0.366081, 0.127695, 0.023891, -0.181139, -0.115428, -0.976658, 0.0762396, -0.342796, -0.923394, 0.172713, 0.54093, 0, 0, 0, 1
140
-0.948751, 0.296697, 0.10882, 0.0236402, -0.0885496, 0.0809643, -0.992773, 0.0818665, -0.303364, -0.951531, -0.0505398, 0.561321, 0, 0, 0, 1
141
-0.969661, 0.224439, 0.0968729, 0.0224874, -0.0754153, 0.102299, -0.991888, 0.0824203, -0.232529, -0.969101, -0.0822664, 0.565188, 0, 0, 0, 1
142
-0.97791, 0.189242, 0.0887664, 0.0222145, -0.0654382, 0.126149, -0.989848, 0.0825681, -0.198519, -0.973791, -0.110976, 0.568391, 0, 0, 0, 1
143
-0.972544, 0.220094, 0.0756143, 0.0240475, -0.0411408, 0.157197, -0.986708, 0.0829764, -0.229055, -0.962727, -0.143823, 0.56981, 0, 0, 0, 1
144
-0.974899, 0.213239, 0.0640336, 0.0246066, -0.0264098, 0.174818, -0.984244, 0.0838003, -0.221073, -0.96123, -0.164795, 0.572021, 0, 0, 0, 1
145
-0.976834, 0.209318, 0.0445193, 0.0261814, -0.00412459, 0.18958, -0.981854, 0.0850033, -0.21396, -0.959292, -0.184322, 0.575163, 0, 0, 0, 1
146
-0.969285, 0.243528, 0.0343387, 0.0284322, 0.0306371, 0.2581, -0.96563, 0.086147, -0.244021, -0.93492, -0.257631, 0.57949, 0, 0, 0, 1
147
-0.968537, 0.247093, 0.0296586, 0.0295294, 0.0442595, 0.288297, -0.956515, 0.0860029, -0.244898, -0.925109, -0.29016, 0.582254, 0, 0, 0, 1
148
-0.971542, 0.234339, 0.0344974, 0.0295546, 0.0412644, 0.310863, -0.949556, 0.0849971, -0.233243, -0.921111, -0.311684, 0.586267, 0, 0, 0, 1
149
-0.961333, 0.273961, 0.0280003, 0.031782, 0.0783817, 0.36967, -0.925849, 0.0847997, -0.263997, -0.887855, -0.376847, 0.592637, 0, 0, 0, 1
150
-0.95968, 0.279045, 0.0338703, 0.0316406, 0.0748718, 0.369899, -0.926048, 0.0840467, -0.270938, -0.886175, -0.375875, 0.592776, 0, 0, 0, 1
151
-0.958031, 0.285356, 0.0273502, 0.0326293, 0.085437, 0.3753, -0.922956, 0.0842385, -0.273636, -0.881884, -0.383927, 0.592764, 0, 0, 0, 1
152
-0.956196, 0.291512, 0.0266437, 0.0331021, 0.105556, 0.428263, -0.897466, 0.0844998, -0.273033, -0.855341, -0.440272, 0.594192, 0, 0, 0, 1
153
-0.952827, 0.302562, 0.0240114, 0.0336149, 0.104275, 0.400621, -0.910289, 0.0853819, -0.285039, -0.864845, -0.41327, 0.593278, 0, 0, 0, 1
154
-0.951103, 0.308089, 0.0219985, 0.033815, 0.110232, 0.405103, -0.907599, 0.087248, -0.288534, -0.860796, -0.419254, 0.591501, 0, 0, 0, 1
155
-0.957025, 0.289126, 0.0225856, 0.0334252, 0.0890029, 0.366939, -0.925975, 0.0876235, -0.276011, -0.884171, -0.3769, 0.590329, 0, 0, 0, 1
156
-0.953074, 0.301882, 0.0227537, 0.0336562, 0.089972, 0.35421, -0.930825, 0.0889451, -0.28906, -0.885099, -0.364746, 0.587285, 0, 0, 0, 1
157
-0.953373, 0.300801, 0.0244886, 0.0335869, 0.0740106, 0.311693, -0.947294, 0.0895381, -0.292581, -0.901312, -0.319419, 0.583928, 0, 0, 0, 1
158
-0.955385, 0.294153, 0.0267098, 0.0332057, 0.0626949, 0.290332, -0.954868, 0.0893933, -0.288633, -0.910592, -0.295818, 0.581277, 0, 0, 0, 1
159
-0.947385, 0.318544, 0.0314838, 0.0332892, 0.0566347, 0.263614, -0.962961, 0.0892282, -0.315045, -0.910513, -0.267782, 0.577367, 0, 0, 0, 1
160
-0.955591, 0.293636, 0.0249806, 0.0323547, 0.0438349, 0.225452, -0.973265, 0.0897118, -0.291418, -0.928948, -0.228309, 0.574376, 0, 0, 0, 1
161
-0.957531, 0.286507, 0.0323788, 0.0312991, 0.0242806, 0.192023, -0.981087, 0.0897605, -0.287306, -0.938635, -0.190821, 0.572242, 0, 0, 0, 1
162
-0.954612, 0.295886, 0.0341781, 0.0305924, 0.0158502, 0.165049, -0.986155, 0.0897417, -0.297431, -0.940854, -0.162245, 0.568773, 0, 0, 0, 1
163
-0.949134, 0.3139, 0.0247327, 0.0308489, 0.00621074, 0.0971961, -0.995243, 0.0900384, -0.314811, -0.944465, -0.0941988, 0.564008, 0, 0, 0, 1
164
-0.946215, 0.323533, 0.00184537, 0.0318252, 0.0225281, 0.0715739, -0.997178, 0.0916134, -0.322753, -0.943503, -0.07501, 0.563737, 0, 0, 0, 1
165
-0.951655, 0.30638, -0.0220039, 0.0318648, 0.038241, 0.0470945, -0.998155, 0.093466, -0.304779, -0.950741, -0.0565311, 0.563483, 0, 0, 0, 1
166
-0.959791, 0.276363, -0.049248, 0.0319193, 0.054351, 0.0108316, -0.99846, 0.0956509, -0.275404, -0.96099, -0.0254138, 0.562553, 0, 0, 0, 1
167
-0.957268, 0.27967, -0.0736385, 0.0328111, 0.0625975, -0.0482195, -0.99687, 0.0972833, -0.282346, -0.958882, 0.0286552, 0.561027, 0, 0, 0, 1
168
-0.955413, 0.273559, -0.111134, 0.0342482, 0.0854226, -0.104206, -0.990877, 0.0990992, -0.282644, -0.956191, 0.0761946, 0.558195, 0, 0, 0, 1
169
-0.94851, 0.27998, -0.148121, 0.0361594, 0.112152, -0.140475, -0.983708, 0.101797, -0.296226, -0.949669, 0.101845, 0.557068, 0, 0, 0, 1
170
-0.934848, 0.30538, -0.181113, 0.0381284, 0.131219, -0.176819, -0.975453, 0.103196, -0.329909, -0.935666, 0.12523, 0.555384, 0, 0, 0, 1
171
-0.942404, 0.264551, -0.204665, 0.0375149, 0.157131, -0.190001, -0.969124, 0.104964, -0.295271, -0.945466, 0.137492, 0.556921, 0, 0, 0, 1
172
-0.924948, 0.301132, -0.231928, 0.0396494, 0.167222, -0.225566, -0.959765, 0.106045, -0.341332, -0.926516, 0.158284, 0.554282, 0, 0, 0, 1
173
-0.92506, 0.279221, -0.257489, 0.039679, 0.200195, -0.217672, -0.955266, 0.108353, -0.32278, -0.935225, 0.145464, 0.556805, 0, 0, 0, 1
174
-0.908574, 0.303634, -0.286879, 0.0418224, 0.191874, -0.306675, -0.932271, 0.107777, -0.371049, -0.90208, 0.22038, 0.55086, 0, 0, 0, 1
175
-0.897217, 0.311775, -0.312726, 0.0435542, 0.208708, -0.324698, -0.9225, 0.109167, -0.389155, -0.89295, 0.226257, 0.54846, 0, 0, 0, 1
176
-0.879682, 0.324935, -0.347242, 0.0462209, 0.256108, -0.29155, -0.921629, 0.11346, -0.400709, -0.899671, 0.173256, 0.553552, 0, 0, 0, 1
177
-0.871108, 0.31791, -0.374306, 0.0484557, 0.26401, -0.339518, -0.902785, 0.114604, -0.414089, -0.885241, 0.211828, 0.549206, 0, 0, 0, 1
178
-0.858427, 0.312294, -0.40691, 0.0508989, 0.293022, -0.35254, -0.888734, 0.116874, -0.420999, -0.882145, 0.211124, 0.54896, 0, 0, 0, 1
179
-0.843711, 0.30129, -0.444271, 0.054212, 0.326487, -0.368929, -0.870225, 0.119016, -0.426095, -0.879265, 0.212904, 0.547166, 0, 0, 0, 1
180
-0.827445, 0.279804, -0.486872, 0.058246, 0.373334, -0.373547, -0.849163, 0.121796, -0.419471, -0.8844, 0.204632, 0.54714, 0, 0, 0, 1
181
-0.820449, 0.254118, -0.512141, 0.0604094, 0.395375, -0.394857, -0.829314, 0.123136, -0.412967, -0.882895, 0.223491, 0.545635, 0, 0, 0, 1
182
-0.829154, 0.192078, -0.524986, 0.0597377, 0.404691, -0.441623, -0.800742, 0.121676, -0.385652, -0.876393, 0.288444, 0.541458, 0, 0, 0, 1
183
-0.823871, 0.183479, -0.536257, 0.060751, 0.41266, -0.454388, -0.789453, 0.121747, -0.388519, -0.871697, 0.298645, 0.540799, 0, 0, 0, 1
184
-0.819732, 0.173254, -0.545913, 0.0616571, 0.421836, -0.462094, -0.780075, 0.122229, -0.387416, -0.869736, 0.305712, 0.540204, 0, 0, 0, 1
185
-0.820882, 0.164538, -0.546882, 0.0613563, 0.422035, -0.47037, -0.775004, 0.121945, -0.384756, -0.866988, 0.31668, 0.539556, 0, 0, 0, 1
186
-0.815762, 0.169556, -0.552976, 0.0620047, 0.43623, -0.447403, -0.780723, 0.123442, -0.379781, -0.878106, 0.291012, 0.540305, 0, 0, 0, 1
187
-0.818059, 0.174188, -0.548121, 0.0614766, 0.423543, -0.462277, -0.779041, 0.122811, -0.389085, -0.869452, 0.304397, 0.539343, 0, 0, 0, 1
188
-0.823906, 0.176713, -0.538471, 0.0601253, 0.415344, -0.458146, -0.785866, 0.122683, -0.385572, -0.871127, 0.304076, 0.538732, 0, 0, 0, 1
189
-0.83404, 0.170371, -0.524739, 0.0580656, 0.407481, -0.450972, -0.794089, 0.122104, -0.371934, -0.876121, 0.306708, 0.538969, 0, 0, 0, 1
190
-0.843637, 0.181143, -0.505434, 0.0560312, 0.387982, -0.44504, -0.807096, 0.121536, -0.371139, -0.876992, 0.305176, 0.539033, 0, 0, 0, 1
191
-0.860071, 0.188247, -0.474174, 0.0524031, 0.355146, -0.446334, -0.821372, 0.119658, -0.366262, -0.874836, 0.317027, 0.538593, 0, 0, 0, 1
192
-0.875821, 0.203604, -0.437587, 0.0484189, 0.322481, -0.427689, -0.844442, 0.118587, -0.359084, -0.880691, 0.308924, 0.539074, 0, 0, 0, 1
193
-0.890375, 0.220829, -0.39808, 0.0447423, 0.28919, -0.400957, -0.86925, 0.117852, -0.35157, -0.889077, 0.293144, 0.539431, 0, 0, 0, 1
194
-0.899756, 0.264281, -0.347268, 0.040758, 0.215679, -0.422475, -0.880336, 0.114453, -0.379369, -0.866984, 0.323128, 0.539497, 0, 0, 0, 1
195
-0.911883, 0.277104, -0.302792, 0.0368267, 0.196152, -0.3538, -0.914518, 0.115632, -0.360545, -0.893326, 0.268273, 0.54109, 0, 0, 0, 1
196
-0.918178, 0.30607, -0.251535, 0.0332771, 0.165329, -0.280951, -0.945371, 0.116647, -0.360019, -0.909604, 0.207365, 0.545308, 0, 0, 0, 1
197
-0.946211, 0.245307, -0.210975, 0.0287662, 0.16056, -0.210105, -0.964401, 0.117516, -0.280901, -0.9464, 0.159421, 0.549988, 0, 0, 0, 1
198
-0.958674, 0.232279, -0.164292, 0.0253398, 0.126963, -0.167489, -0.977661, 0.117086, -0.254608, -0.958116, 0.13108, 0.552746, 0, 0, 0, 1
199
-0.965588, 0.229393, -0.122557, 0.022982, 0.0920373, -0.139344, -0.985954, 0.116402, -0.243249, -0.963304, 0.11344, 0.555304, 0, 0, 0, 1
200
-0.958718, 0.271264, -0.0853025, 0.0226234, 0.0550905, -0.117109, -0.991586, 0.11602, -0.278971, -0.955351, 0.097334, 0.555237, 0, 0, 0, 1
201
-0.958815, 0.279146, -0.0524582, 0.0216798, 0.0215531, -0.112648, -0.993397, 0.115431, -0.283212, -0.953615, 0.101996, 0.553133, 0, 0, 0, 1
202
-0.964998, 0.261963, -0.0124644, 0.0195102, -0.0171519, -0.110461, -0.993728, 0.114593, -0.261697, -0.958732, 0.111092, 0.552352, 0, 0, 0, 1
203
-0.96916, 0.244669, 0.0294521, 0.017149, -0.0618911, -0.12597, -0.990098, 0.113656, -0.238536, -0.961386, 0.137231, 0.550827, 0, 0, 0, 1
204
-0.971388, 0.225886, 0.0733656, 0.0148454, -0.101485, -0.11549, -0.988107, 0.113822, -0.214727, -0.96728, 0.135113, 0.550768, 0, 0, 0, 1
205
-0.981391, 0.141183, 0.130155, 0.00936048, -0.147426, -0.119667, -0.981803, 0.113864, -0.123038, -0.982721, 0.138258, 0.55025, 0, 0, 0, 1
206
-0.980008, 0.0607542, 0.189463, 0.00348457, -0.194858, -0.100554, -0.975659, 0.113074, -0.0402237, -0.993072, 0.110385, 0.548908, 0, 0, 0, 1
207
-0.961543, 0.131589, 0.241083, 0.00220681, -0.25881, -0.140252, -0.955687, 0.110044, -0.0919451, -0.981329, 0.168918, 0.541856, 0, 0, 0, 1
208
-0.938599, 0.173779, 0.298051, 0.000363142, -0.315874, -0.0853699, -0.944948, 0.106189, -0.138767, -0.981074, 0.135024, 0.531392, 0, 0, 0, 1
209
-0.863387, 0.37754, 0.334707, 0.0059134, -0.487606, -0.453921, -0.74578, 0.0828025, -0.12963, -0.807099, 0.576003, 0.519181, 0, 0, 0, 1
210
-0.814557, 0.466765, 0.344426, 0.00861334, -0.568184, -0.522343, -0.635858, 0.0741946, -0.116886, -0.713638, 0.69069, 0.516428, 0, 0, 0, 1
211
-0.788866, 0.500035, 0.357292, 0.00969381, -0.608947, -0.557559, -0.564183, 0.0688713, -0.0828971, -0.662634, 0.744337, 0.516389, 0, 0, 0, 1
212
-0.770065, 0.519518, 0.370275, 0.0104248, -0.636174, -0.581877, -0.506649, 0.0650199, -0.0477564, -0.62571, 0.778589, 0.516255, 0, 0, 0, 1
213
-0.762224, 0.520488, 0.384849, 0.0107475, -0.647276, -0.606584, -0.461607, 0.0619047, -0.00681533, -0.600949, 0.799254, 0.513973, 0, 0, 0, 1
214
-0.743172, 0.546919, 0.385457, 0.0120384, -0.668769, -0.625258, -0.402233, 0.0582081, 0.0210241, -0.556708, 0.830438, 0.514047, 0, 0, 0, 1
215
-0.736209, 0.557227, 0.384054, 0.013028, -0.675325, -0.641756, -0.363425, 0.0560629, 0.0439611, -0.526915, 0.848777, 0.513167, 0, 0, 0, 1
216
-0.729794, 0.575881, 0.368462, 0.0150804, -0.680596, -0.662987, -0.311814, 0.0522758, 0.0647199, -0.478332, 0.875788, 0.51034, 0, 0, 0, 1
217
-0.722133, 0.597904, 0.347906, 0.0169599, -0.688513, -0.669856, -0.27791, 0.0508861, 0.0668859, -0.440223, 0.895391, 0.511888, 0, 0, 0, 1
218
-0.732187, 0.595663, 0.330289, 0.0175748, -0.678144, -0.682706, -0.272076, 0.0522886, 0.0634271, -0.423191, 0.903814, 0.511073, 0, 0, 0, 1
219
-0.739548, 0.59904, 0.30696, 0.0186766, -0.671456, -0.688448, -0.274184, 0.05342, 0.0470806, -0.40888, 0.91137, 0.509622, 0, 0, 0, 1
220
-0.750627, 0.5996, 0.277568, 0.0203514, -0.659511, -0.705397, -0.259715, 0.0529326, 0.0400726, -0.378005, 0.924933, 0.507728, 0, 0, 0, 1
221
-0.760222, 0.599753, 0.249726, 0.0215019, -0.649461, -0.711202, -0.269042, 0.0549208, 0.0162496, -0.366716, 0.930188, 0.5059, 0, 0, 0, 1
222
-0.782906, 0.584764, 0.212403, 0.0225187, -0.621897, -0.725979, -0.293583, 0.0576145, -0.0174738, -0.361937, 0.932036, 0.503952, 0, 0, 0, 1
223
-0.799266, 0.573683, 0.179071, 0.0235868, -0.599727, -0.742135, -0.299259, 0.058378, -0.0387832, -0.346578, 0.937216, 0.502106, 0, 0, 0, 1
224
-0.815677, 0.561193, 0.140496, 0.0246956, -0.574138, -0.755465, -0.315643, 0.0610104, -0.0709947, -0.338123, 0.938418, 0.500628, 0, 0, 0, 1
225
-0.841411, 0.531285, 0.0988385, 0.0257131, -0.529586, -0.774254, -0.3465, 0.0644941, -0.107562, -0.343889, 0.932827, 0.498497, 0, 0, 0, 1
226
-0.852239, 0.519736, 0.0597375, 0.0269759, -0.503661, -0.784227, -0.362364, 0.0664253, -0.141484, -0.338904, 0.930119, 0.497584, 0, 0, 0, 1
227
-0.876177, 0.481594, 0.0196401, 0.0278444, -0.450587, -0.803932, -0.388146, 0.0701777, -0.171138, -0.348931, 0.921387, 0.49597, 0, 0, 0, 1
228
-0.891107, 0.453304, -0.0211885, 0.0291874, -0.40514, -0.81572, -0.412864, 0.0741425, -0.204435, -0.359318, 0.910545, 0.495628, 0, 0, 0, 1
229
-0.897962, 0.435808, -0.0611685, 0.0309774, -0.371984, -0.825916, -0.423656, 0.075735, -0.235151, -0.35767, 0.903754, 0.495006, 0, 0, 0, 1
230
-0.911146, 0.399614, -0.100636, 0.0322885, -0.322462, -0.843438, -0.429679, 0.0774991, -0.256585, -0.359045, 0.897356, 0.493409, 0, 0, 0, 1
231
-0.929785, 0.337857, -0.146146, 0.0337529, -0.236206, -0.852078, -0.46708, 0.0844072, -0.282333, -0.399759, 0.872053, 0.495663, 0, 0, 0, 1
232
-0.92807, 0.325416, -0.181101, 0.0357921, -0.203927, -0.850954, -0.48403, 0.0878405, -0.311618, -0.412278, 0.856106, 0.493745, 0, 0, 0, 1
233
-0.932796, 0.281914, -0.22455, 0.0377981, -0.133252, -0.848639, -0.511909, 0.0930685, -0.334875, -0.44758, 0.829172, 0.49554, 0, 0, 0, 1
234
-0.937915, 0.223418, -0.265342, 0.0398362, -0.0396024, -0.828913, -0.557968, 0.101335, -0.344605, -0.512814, 0.786298, 0.499842, 0, 0, 0, 1
235
-0.891893, 0.158346, -0.423627, 0.0519481, 0.209563, -0.685361, -0.697393, 0.124709, -0.400768, -0.710772, 0.578087, 0.518082, 0, 0, 0, 1
236
-0.876796, 0.158083, -0.454142, 0.0541697, 0.255887, -0.646211, -0.718977, 0.128053, -0.40713, -0.746601, 0.526146, 0.522002, 0, 0, 0, 1
237
-0.86704, 0.171515, -0.467794, 0.053923, 0.257982, -0.648679, -0.716, 0.127078, -0.426254, -0.741479, 0.518183, 0.522695, 0, 0, 0, 1
238
-0.859359, 0.170683, -0.482053, 0.0537859, 0.293474, -0.607355, -0.738232, 0.129815, -0.418782, -0.775873, 0.471846, 0.527427, 0, 0, 0, 1
239
-0.851927, 0.157106, -0.499545, 0.0535152, 0.340581, -0.558384, -0.756443, 0.132986, -0.39778, -0.814566, 0.422196, 0.533789, 0, 0, 0, 1
240
-0.839837, 0.179185, -0.512419, 0.0535273, 0.368706, -0.50451, -0.780719, 0.136062, -0.398414, -0.844604, 0.35764, 0.537082, 0, 0, 0, 1
241
-0.838257, 0.192786, -0.510064, 0.0519087, 0.374109, -0.477193, -0.795189, 0.136557, -0.396701, -0.857388, 0.327889, 0.536844, 0, 0, 0, 1
242
-0.838143, 0.202361, -0.50653, 0.0504951, 0.379511, -0.450652, -0.808009, 0.137527, -0.391779, -0.869458, 0.300914, 0.538652, 0, 0, 0, 1
243
-0.815213, 0.277507, -0.508355, 0.0511498, 0.343756, -0.474561, -0.81032, 0.136238, -0.466115, -0.83533, 0.291475, 0.538702, 0, 0, 0, 1
244
-0.837179, 0.235245, -0.493759, 0.047428, 0.362605, -0.43712, -0.823067, 0.136743, -0.409455, -0.86809, 0.280647, 0.538902, 0, 0, 0, 1
245
-0.848064, 0.20735, -0.487649, 0.0452264, 0.374486, -0.416564, -0.828391, 0.137434, -0.374904, -0.885142, 0.275624, 0.541398, 0, 0, 0, 1
246
-0.820714, 0.285257, -0.495039, 0.0475609, 0.366877, -0.401089, -0.83936, 0.138627, -0.437988, -0.870489, 0.224527, 0.545195, 0, 0, 0, 1
247
-0.788073, 0.378648, -0.485359, 0.0477979, 0.463796, -0.153211, -0.872591, 0.145434, -0.404769, -0.91277, -0.0548721, 0.570015, 0, 0, 0, 1
248
-0.79498, 0.396371, -0.459243, 0.0456368, 0.478289, -0.0561351, -0.876404, 0.147374, -0.373162, -0.916371, -0.144951, 0.5752, 0, 0, 0, 1
249
-0.772672, 0.470888, -0.425733, 0.045131, 0.497804, 0.0332981, -0.866648, 0.148384, -0.393919, -0.881563, -0.260135, 0.581853, 0, 0, 0, 1
250
-0.75409, 0.521637, -0.399061, 0.0447346, 0.507625, 0.0773817, -0.858094, 0.148116, -0.416734, -0.849651, -0.323146, 0.584811, 0, 0, 0, 1
251
-0.751724, 0.546661, -0.36889, 0.0429174, 0.50766, 0.122633, -0.852783, 0.147713, -0.420946, -0.828326, -0.3697, 0.584657, 0, 0, 0, 1
252
-0.742545, 0.570184, -0.351461, 0.0421133, 0.512034, 0.144947, -0.846645, 0.147183, -0.431801, -0.808629, -0.39958, 0.588422, 0, 0, 0, 1
253
-0.742987, 0.587345, -0.320943, 0.0400315, 0.513695, 0.19302, -0.835976, 0.145335, -0.429059, -0.785984, -0.445123, 0.590036, 0, 0, 0, 1
254
-0.746337, 0.597905, -0.292402, 0.0377813, 0.50051, 0.2146, -0.838709, 0.143289, -0.43872, -0.772307, -0.459417, 0.589097, 0, 0, 0, 1
255
-0.766157, 0.586424, -0.262902, 0.0347023, 0.467955, 0.228677, -0.853651, 0.141695, -0.440483, -0.777056, -0.449618, 0.586823, 0, 0, 0, 1
256
-0.776343, 0.586767, -0.230226, 0.0318126, 0.445378, 0.252201, -0.859086, 0.139553, -0.446021, -0.769481, -0.457124, 0.586877, 0, 0, 0, 1
257
-0.789631, 0.580176, -0.199714, 0.0292419, 0.418517, 0.271251, -0.866753, 0.137427, -0.448698, -0.767997, -0.456999, 0.585821, 0, 0, 0, 1
258
-0.80424, 0.570195, -0.16758, 0.0264359, 0.385784, 0.286384, -0.877012, 0.136131, -0.452076, -0.769976, -0.450291, 0.582278, 0, 0, 0, 1
259
-0.824443, 0.549247, -0.136483, 0.0233567, 0.326246, 0.264176, -0.907618, 0.13474, -0.462452, -0.792804, -0.396984, 0.578624, 0, 0, 0, 1
260
-0.831822, 0.544842, -0.105957, 0.0212611, 0.29419, 0.270905, -0.916547, 0.133459, -0.470669, -0.793573, -0.385628, 0.575148, 0, 0, 0, 1
261
-0.842138, 0.532441, -0.0855331, 0.0195241, 0.254414, 0.252427, -0.933568, 0.133444, -0.47548, -0.807953, -0.348036, 0.571371, 0, 0, 0, 1
262
-0.854912, 0.515, -0.0625083, 0.0173283, 0.2079, 0.22972, -0.95079, 0.133194, -0.475297, -0.825836, -0.303455, 0.565953, 0, 0, 0, 1
263
-0.867172, 0.496823, -0.0344408, 0.0148407, 0.160493, 0.213327, -0.963706, 0.132314, -0.471444, -0.841225, -0.264724, 0.561724, 0, 0, 0, 1
264
-0.872494, 0.488435, -0.0138762, 0.0133131, 0.130454, 0.20548, -0.969925, 0.131293, -0.470894, -0.848062, -0.242995, 0.557929, 0, 0, 0, 1
265
-0.884838, 0.465804, 0.0097637, 0.0111995, 0.0865074, 0.184852, -0.978949, 0.130335, -0.457803, -0.865365, -0.203856, 0.55352, 0, 0, 0, 1
266
-0.883754, 0.466573, 0.0360095, 0.00940712, 0.031314, 0.135742, -0.990247, 0.128826, -0.46691, -0.874004, -0.13457, 0.548367, 0, 0, 0, 1
267
-0.890238, 0.451532, 0.060017, 0.00744166, -0.0208122, 0.0913046, -0.995603, 0.127095, -0.455026, -0.88757, -0.0718822, 0.542126, 0, 0, 0, 1
268
-0.894761, 0.43776, 0.0881867, 0.00517106, -0.0751082, 0.0471419, -0.996058, 0.125523, -0.440191, -0.897854, -0.00929831, 0.539226, 0, 0, 0, 1
269
-0.896474, 0.428306, 0.113563, 0.00347792, -0.134049, -0.0178614, -0.990811, 0.122881, -0.422341, -0.903457, 0.0734288, 0.531314, 0, 0, 0, 1
270
-0.91204, 0.38873, 0.130688, 0.00128302, -0.176488, -0.0843775, -0.980677, 0.121068, -0.370191, -0.917479, 0.145564, 0.5284, 0, 0, 0, 1
271
-0.910314, 0.38675, 0.147513, 0.000548179, -0.205851, -0.113804, -0.971941, 0.119868, -0.35911, -0.915134, 0.183213, 0.526968, 0, 0, 0, 1
272
-0.916622, 0.368624, 0.154683, 0.00031089, -0.215692, -0.130253, -0.967732, 0.120173, -0.336581, -0.920406, 0.198905, 0.525837, 0, 0, 0, 1
273
-0.936811, 0.311574, 0.159101, -0.000827265, -0.212701, -0.14619, -0.966117, 0.121317, -0.277757, -0.938907, 0.203227, 0.527359, 0, 0, 0, 1
274
-0.915679, 0.36982, 0.157391, 0.0014101, -0.245575, -0.2048, -0.947493, 0.118971, -0.318168, -0.906248, 0.278352, 0.522413, 0, 0, 0, 1
275
-0.906, 0.390993, 0.162163, 0.00268591, -0.265382, -0.226222, -0.937225, 0.11775, -0.329763, -0.892157, 0.308722, 0.520025, 0, 0, 0, 1
276
-0.911275, 0.378687, 0.161807, 0.00329817, -0.259959, -0.22425, -0.939217, 0.119125, -0.319383, -0.897944, 0.302799, 0.522914, 0, 0, 0, 1
277
-0.910609, 0.379402, 0.16387, 0.00394081, -0.272098, -0.251942, -0.928699, 0.117913, -0.311065, -0.890266, 0.332657, 0.522152, 0, 0, 0, 1
278
-0.900691, 0.401598, 0.165782, 0.00508881, -0.28527, -0.25884, -0.922831, 0.117455, -0.327695, -0.878474, 0.3477, 0.522311, 0, 0, 0, 1
279
-0.909534, 0.382605, 0.162385, 0.00536682, -0.276557, -0.265432, -0.92361, 0.1177, -0.310275, -0.884961, 0.347233, 0.523031, 0, 0, 0, 1
280
