sub1
0
-0.523502, -0.714284, 0.464483, -0.0118275, -0.851678, 0.454229, -0.26138, 0.237453, -0.0242822, -0.532423, -0.84613, 0.618865, 0, 0, 0, 1
1
-0.538085, -0.677121, 0.501968, -0.01133, -0.842248, 0.455185, -0.288834, 0.22777, -0.0329125, -0.578199, -0.815232, 0.587569, 0, 0, 0, 1
2
-0.55894, -0.620285, 0.550303, -0.0106574, -0.827488, 0.459971, -0.32201, 0.232547, -0.0533857, -0.635353, -0.770374, 0.589625, 0, 0, 0, 1
3
-0.603548, -0.550611, 0.576678, -0.00860282, -0.793318, 0.487135, -0.365166, 0.236348, -0.0798562, -0.677884, -0.730819, 0.58835, 0, 0, 0, 1
4
-0.603953, -0.514377, 0.608816, -0.00791862, -0.790699, 0.482697, -0.376561, 0.231504, -0.10018, -0.708815, -0.698243, 0.573149, 0, 0, 0, 1
5
-0.590394, -0.477814, 0.650482, -0.00772431, -0.795027, 0.483237, -0.366624, 0.230229, -0.139159, -0.733604, -0.665176, 0.567565, 0, 0, 0, 1
6
-0.601331, -0.466936, 0.648361, -0.00702655, -0.791296, 0.460443, -0.402297, 0.230152, -0.110687, -0.754959, -0.646363, 0.565909, 0, 0, 0, 1
7
-0.617002, -0.404882, 0.674817, -0.00507703, -0.773969, 0.467371, -0.427243, 0.232123, -0.142407, -0.785897, -0.601735, 0.563622, 0, 0, 0, 1
8
-0.636681, -0.391792, 0.664181, -0.00426305, -0.764619, 0.432416, -0.477884, 0.232427, -0.0999707, -0.812105, -0.574883, 0.562029, 0, 0, 0, 1
9
-0.626471, -0.374966, 0.683326, -0.00424515, -0.772817, 0.412887, -0.481951, 0.231276, -0.101421, -0.830014, -0.548443, 0.558744, 0, 0, 0, 1
10
-0.625984, -0.382148, 0.679784, -0.00450184, -0.775499, 0.396844, -0.491035, 0.230666, -0.0821201, -0.834552, -0.544775, 0.558414, 0, 0, 0, 1
11
-0.622161, -0.372201, 0.688754, -0.00428253, -0.778676, 0.385341, -0.495153, 0.229167, -0.0811086, -0.844381, -0.529569, 0.555383, 0, 0, 0, 1
12
-0.642348, -0.370025, 0.671171, -0.00393802, -0.763319, 0.387472, -0.516923, 0.230534, -0.0687853, -0.844361, -0.53134, 0.556196, 0, 0, 0, 1
13
-0.652313, -0.336366, 0.679224, -0.00250855, -0.752882, 0.390997, -0.529423, 0.231044, -0.0874945, -0.856724, -0.508298, 0.554127, 0, 0, 0, 1
14
-0.633271, -0.347133, 0.691712, -0.00344144, -0.768338, 0.389238, -0.508086, 0.230586, -0.0928671, -0.853224, -0.513209, 0.555646, 0, 0, 0, 1
15
-0.633091, -0.356948, 0.686865, -0.00340338, -0.768961, 0.39186, -0.505119, 0.231871, -0.088854, -0.847958, -0.522563, 0.559818, 0, 0, 0, 1
16
-0.629147, -0.35204, 0.692995, -0.00342862, -0.771536, 0.391085, -0.501782, 0.232037, -0.0943726, -0.850363, -0.517663, 0.560083, 0, 0, 0, 1
17
-0.639698, -0.377184, 0.669715, -0.00407255, -0.765425, 0.392049, -0.510316, 0.230002, -0.0700779, -0.839064, -0.5395, 0.555562, 0, 0, 0, 1
18
-0.645223, -0.344187, 0.682072, -0.0030421, -0.7589, 0.391669, -0.520257, 0.23066, -0.0880807, -0.853305, -0.513919, 0.554503, 0, 0, 0, 1
19
-0.646608, -0.35725, 0.673997, -0.00331212, -0.759014, 0.389497, -0.521719, 0.231142, -0.0761354, -0.848919, -0.52301, 0.556796, 0, 0, 0, 1
20
-0.652913, -0.325769, 0.683798, -0.00219322, -0.750995, 0.395896, -0.528464, 0.231191, -0.0985558, -0.858568, -0.503137, 0.553456, 0, 0, 0, 1
21
-0.660034, -0.334028, 0.67289, -0.00210373, -0.747964, 0.375707, -0.54717, 0.231947, -0.070039, -0.864447, -0.497821, 0.555925, 0, 0, 0, 1
22
-0.617043, -0.339925, 0.709725, -0.000766076, -0.786929, 0.265254, -0.557121, 0.239998, 0.00112172, -0.902269, -0.431172, 0.602935, 0, 0, 0, 1
23
-0.629783, -0.361394, 0.687581, -0.00373523, -0.776708, 0.304288, -0.551484, 0.229353, -0.00991913, -0.881363, -0.472335, 0.558014, 0, 0, 0, 1
24
-0.62898, -0.339147, 0.699545, -0.00298876, -0.776875, 0.30792, -0.549228, 0.228973, -0.0291347, -0.888911, -0.457152, 0.555543, 0, 0, 0, 1
25
-0.640226, -0.32043, 0.698166, -0.00225799, -0.76791, 0.291348, -0.570466, 0.228969, -0.0206148, -0.901354, -0.432592, 0.553581, 0, 0, 0, 1
26
-0.628518, -0.333806, 0.702524, -0.00287656, -0.77724, 0.303663, -0.551078, 0.228659, -0.0293775, -0.89239, -0.450307, 0.554515, 0, 0, 0, 1
27
-0.618875, -0.349152, 0.703625, -0.00355557, -0.785186, 0.299868, -0.541814, 0.22829, -0.0218192, -0.887789, -0.459732, 0.5562, 0, 0, 0, 1
28
-0.63973, -0.376389, 0.670132, -0.00399309, -0.768596, 0.315758, -0.556379, 0.228796, -0.00218495, -0.870992, -0.491293, 0.555508, 0, 0, 0, 1
29
-0.617118, -0.364258, 0.697483, -0.00409286, -0.786333, 0.318213, -0.529548, 0.228355, -0.0290561, -0.875245, -0.482806, 0.556497, 0, 0, 0, 1
30
-0.638516, -0.383539, 0.667229, -0.00420217, -0.76959, 0.324031, -0.550214, 0.228102, -0.00517499, -0.864812, -0.502069, 0.553484, 0, 0, 0, 1
31
-0.62618, -0.37613, 0.682953, -0.00423785, -0.779443, 0.323443, -0.536519, 0.227954, -0.0190951, -0.868279, -0.495708, 0.554884, 0, 0, 0, 1
32
-0.61354, -0.391932, 0.685535, -0.00499969, -0.788728, 0.346363, -0.507878, 0.227559, -0.0383904, -0.852303, -0.521637, 0.554631, 0, 0, 0, 1
33
-0.623388, -0.3909, 0.677189, -0.00483427, -0.780318, 0.366274, -0.506899, 0.228688, -0.0498902, -0.844416, -0.533359, 0.556024, 0, 0, 0, 1
34
-0.651699, -0.378314, 0.657393, -0.00396098, -0.756231, 0.390723, -0.524834, 0.230202, -0.0583061, -0.839174, -0.540729, 0.554648, 0, 0, 0, 1
35
-0.669077, -0.388537, 0.633541, -0.00356632, -0.741236, 0.410673, -0.530958, 0.23261, -0.0538814, -0.824854, -0.562772, 0.558865, 0, 0, 0, 1
36
-0.679954, -0.367744, 0.634371, -0.00263429, -0.730963, 0.408263, -0.546821, 0.233821, -0.0578997, -0.835514, -0.54641, 0.559553, 0, 0, 0, 1
37
-0.722537, -0.326623, 0.609308, -0.00036598, -0.686527, 0.442694, -0.576802, 0.236518, -0.0813399, -0.835067, -0.544102, 0.55833, 0, 0, 0, 1
38
-0.741887, -0.322589, 0.587826, 0.000456926, -0.66718, 0.442564, -0.599172, 0.23739, -0.0668634, -0.836703, -0.543561, 0.558335, 0, 0, 0, 1
39
-0.74937, -0.339207, 0.568668, 0.000323943, -0.661008, 0.433626, -0.612401, 0.237687, -0.0388578, -0.834808, -0.549168, 0.559134, 0, 0, 0, 1
40
-0.757375, -0.358016, 0.546084, 0.000153985, -0.652976, 0.41717, -0.632131, 0.237435, -0.00149654, -0.835339, -0.549733, 0.55864, 0, 0, 0, 1
41
-0.747305, -0.358664, 0.559371, -0.000114552, -0.664451, 0.39547, -0.63412, 0.237442, 0.00622192, -0.845554, -0.533853, 0.560195, 0, 0, 0, 1
42
-0.744254, -0.351865, 0.567695, -0.000245825, -0.667855, 0.401408, -0.62677, 0.236836, -0.00733813, -0.845613, -0.533746, 0.558417, 0, 0, 0, 1
43
-0.712894, -0.370401, 0.59547, -0.00152963, -0.701267, 0.379145, -0.603716, 0.235833, -0.00215245, -0.847968, -0.530043, 0.561356, 0, 0, 0, 1
44
-0.696161, -0.409888, 0.589365, -0.00307242, -0.717759, 0.382098, -0.582084, 0.234257, 0.0133939, -0.828245, -0.560205, 0.561456, 0, 0, 0, 1
45
-0.711224, -0.386709, 0.587039, -0.0020391, -0.702906, 0.401826, -0.586905, 0.23539, -0.0089262, -0.830054, -0.557612, 0.560927, 0, 0, 0, 1
46
-0.717597, -0.390865, 0.576437, -0.00196812, -0.696423, 0.410824, -0.588402, 0.235462, -0.00682825, -0.823678, -0.567016, 0.55985, 0, 0, 0, 1
47
-0.695378, -0.419726, 0.583334, -0.00325863, -0.71864, 0.407626, -0.563378, 0.234287, -0.00131773, -0.810968, -0.585089, 0.561817, 0, 0, 0, 1
48
-0.687021, -0.424406, 0.589814, -0.0036572, -0.726382, 0.42257, -0.542036, 0.234932, -0.0191945, -0.800819, -0.598598, 0.564158, 0, 0, 0, 1
49
-0.65009, -0.41211, 0.638394, -0.00481975, -0.751686, 0.471648, -0.460993, 0.234009, -0.111118, -0.779558, -0.616394, 0.564903, 0, 0, 0, 1
50
-0.663379, -0.420813, 0.618743, -0.00503259, -0.738177, 0.503459, -0.449024, 0.235505, -0.122557, -0.754614, -0.644621, 0.568401, 0, 0, 0, 1
51
-0.670337, -0.419198, 0.612307, -0.0051854, -0.728828, 0.52703, -0.437088, 0.235961, -0.139478, -0.739263, -0.658814, 0.56881, 0, 0, 0, 1
52
-0.660333, -0.437336, 0.610489, -0.00568389, -0.737557, 0.530646, -0.417639, 0.235836, -0.141305, -0.72605, -0.672966, 0.571341, 0, 0, 0, 1
53
-0.667174, -0.425593, 0.611349, -0.00544828, -0.729059, 0.541427, -0.418721, 0.237889, -0.152796, -0.725069, -0.671512, 0.575396, 0, 0, 0, 1
54
-0.661936, -0.455751, 0.595089, -0.00692177, -0.736128, 0.544874, -0.401529, 0.236279, -0.141251, -0.703847, -0.696166, 0.574891, 0, 0, 0, 1
55
-0.652549, -0.474231, 0.591002, -0.00730595, -0.743412, 0.551647, -0.378183, 0.235145, -0.146678, -0.68614, -0.712529, 0.575121, 0, 0, 0, 1
56
-0.667861, -0.454605, 0.589317, -0.00575207, -0.725803, 0.573147, -0.380409, 0.235195, -0.16483, -0.681788, -0.712739, 0.57384, 0, 0, 0, 1
57
-0.653367, -0.480577, 0.584941, -0.00639572, -0.740084, 0.568087, -0.359932, 0.233195, -0.159322, -0.668073, -0.726839, 0.577026, 0, 0, 0, 1
58
-0.616824, -0.535371, 0.576979, -0.00802103, -0.776303, 0.53479, -0.333694, 0.227205, -0.129913, -0.65374, -0.745484, 0.579434, 0, 0, 0, 1
59
-0.56957, -0.594312, 0.567787, -0.00998345, -0.814063, 0.503298, -0.289813, 0.221096, -0.113526, -0.627282, -0.770473, 0.586263, 0, 0, 0, 1
60
-0.526503, -0.657702, 0.538722, -0.0118708, -0.846708, 0.462788, -0.26251, 0.211533, -0.0766607, -0.594351, -0.800543, 0.589803, 0, 0, 0, 1
61
-0.480506, -0.661576, 0.575699, -0.0137437, -0.873592, 0.418805, -0.247869, 0.201626, -0.0771215, -0.622027, -0.779188, 0.58955, 0, 0, 0, 1
62
-0.390384, -0.74296, 0.5437, -0.0163496, -0.920481, 0.32633, -0.214995, 0.187916, -0.0176935, -0.584395, -0.811276, 0.594535, 0, 0, 0, 1
63
-0.345576, -0.798231, 0.49336, -0.0182034, -0.937808, 0.312281, -0.151642, 0.17293, -0.0330219, -0.515079, -0.856506, 0.591821, 0, 0, 0, 1
64
-0.305799, -0.829574, 0.467219, -0.019938, -0.947442, 0.313607, -0.0632872, 0.158032, -0.0940221, -0.462014, -0.881875, 0.586771, 0, 0, 0, 1
65
-0.247703, -0.849165, 0.466434, -0.0220225, -0.962451, 0.270859, -0.01801, 0.142671, -0.111045, -0.453379, -0.884374, 0.581525, 0, 0, 0, 1
66
-0.242504, -0.772031, 0.587503, -0.0239705, -0.960011, 0.278287, -0.030575, 0.131631, -0.13989, -0.571423, -0.808645, 0.567944, 0, 0, 0, 1
67
-0.189371, -0.705701, 0.682733, -0.0246319, -0.968156, 0.250149, -0.00997907, 0.119984, -0.163743, -0.66288, -0.730601, 0.565074, 0, 0, 0, 1
68
-0.102471, -0.657028, 0.746869, -0.0241388, -0.98148, 0.188947, 0.0315557, 0.102886, -0.161853, -0.729802, -0.664223, 0.553554, 0, 0, 0, 1
69
-0.019006, -0.618244, 0.785756, -0.0231971, -0.986252, 0.140625, 0.0867865, 0.086518, -0.164153, -0.773303, -0.612418, 0.545357, 0, 0, 0, 1
70
0.0590206, -0.562151, 0.824926, -0.0210947, -0.986455, 0.0938526, 0.134531, 0.0715061, -0.153049, -0.821692, -0.548999, 0.537925, 0, 0, 0, 1
71
0.0614534, -0.544609, 0.836436, -0.0203459, -0.988214, 0.0845153, 0.12763, 0.0611631, -0.140201, -0.834421, -0.532998, 0.537743, 0, 0, 0, 1
72
0.0837744, -0.557521, 0.825925, -0.0196315, -0.990432, 0.0446304, 0.130584, 0.0488889, -0.109666, -0.828961, -0.548449, 0.538255, 0, 0, 0, 1
73
0.185916, -0.48684, 0.853477, -0.0156777, -0.980936, -0.0419511, 0.189748, 0.0332074, -0.0565737, -0.872482, -0.48536, 0.537064, 0, 0, 0, 1
74
0.154962, -0.477563, 0.864824, -0.0144426, -0.985714, -0.016251, 0.167646, 0.027191, -0.0660085, -0.878446, -0.47326, 0.539658, 0, 0, 0, 1
75
0.216805, -0.436019, 0.873432, -0.0116117, -0.967584, 0.0227372, 0.251524, 0.0190362, -0.12953, -0.89965, -0.416957, 0.530041, 0, 0, 0, 1
76
0.220054, -0.395719, 0.891618, -0.00692116, -0.959331, 0.077882, 0.271328, 0.014863, -0.176812, -0.915062, -0.362488, 0.538316, 0, 0, 0, 1
77
0.281284, -0.393263, 0.875343, -0.00301826, -0.91289, 0.171541, 0.370414, 0.0110364, -0.295829, -0.903281, -0.310755, 0.542897, 0, 0, 0, 1
78
0.285144, -0.376485, 0.881449, 0.00133171, -0.906069, 0.194073, 0.375998, 0.00763303, -0.312624, -0.905866, -0.285784, 0.549698, 0, 0, 0, 1
79
0.276073, -0.427458, 0.860851, 0.00202212, -0.871601, 0.266148, 0.411675, 0.00669618, -0.405089, -0.863969, -0.299099, 0.555617, 0, 0, 0, 1
80
0.235085, -0.448279, 0.862428, 0.00370554, -0.840347, 0.352128, 0.412095, 0.00862871, -0.48842, -0.821614, -0.293932, 0.560235, 0, 0, 0, 1
81
0.226647, -0.439687, 0.869085, 0.0054307, -0.799403, 0.425772, 0.423879, 0.0103559, -0.556406, -0.790817, -0.254989, 0.553611, 0, 0, 0, 1
82
0.235572, -0.45729, 0.857551, 0.00789717, -0.780173, 0.437182, 0.447441, 0.00877277, -0.579516, -0.77444, -0.253779, 0.556816, 0, 0, 0, 1
83
0.252446, -0.463641, 0.8493, 0.011615, -0.770617, 0.434477, 0.46624, 0.007647, -0.58517, -0.772182, -0.24761, 0.562077, 0, 0, 0, 1
84
0.276046, -0.464279, 0.841574, 0.0143139, -0.764386, 0.42477, 0.485062, 0.00650573, -0.58268, -0.777183, -0.237634, 0.561754, 0, 0, 0, 1
85
0.28415, -0.473159, 0.833896, 0.0173436, -0.760238, 0.418768, 0.496661, 0.00624678, -0.584209, -0.775082, -0.240722, 0.563611, 0, 0, 0, 1
86
0.313514, -0.487146, 0.815108, 0.0193404, -0.77083, 0.370737, 0.51805, 0.00412727, -0.554557, -0.790722, -0.259277, 0.561758, 0, 0, 0, 1
87
0.35099, -0.505994, 0.787895, 0.0226158, -0.753898, 0.346359, 0.558278, 0.00236595, -0.555381, -0.789939, -0.259901, 0.566029, 0, 0, 0, 1
88
0.387607, -0.526029, 0.757006, 0.0248383, -0.728048, 0.329022, 0.601408, 0.00102696, -0.56543, -0.784243, -0.255445, 0.565143, 0, 0, 0, 1
89
0.417654, -0.540836, 0.730113, 0.0266313, -0.710239, 0.306834, 0.633572, -0.000468219, -0.566683, -0.783166, -0.255974, 0.563212, 0, 0, 0, 1
90
0.454188, -0.535058, 0.712341, 0.028956, -0.699191, 0.28145, 0.657204, -0.00199171, -0.552131, -0.796554, -0.246278, 0.561261, 0, 0, 0, 1
91
0.472159, -0.529914, 0.704457, 0.0303639, -0.687442, 0.278902, 0.670549, -0.00206107, -0.551809, -0.800877, -0.232601, 0.554683, 0, 0, 0, 1
92
0.440017, -0.500579, 0.745526, 0.03133, -0.716025, 0.305456, 0.627698, 0.000896391, -0.541938, -0.81001, -0.224023, 0.554865, 0, 0, 0, 1
93
0.41387, -0.486756, 0.769274, 0.031291, -0.739475, 0.313093, 0.595944, 0.0021089, -0.530934, -0.8155, -0.230365, 0.553298, 0, 0, 0, 1
94
0.37455, -0.447815, 0.811896, 0.0315242, -0.767447, 0.341659, 0.542489, 0.00458172, -0.520328, -0.826274, -0.215708, 0.553227, 0, 0, 0, 1
95
0.393271, -0.450876, 0.801281, 0.032005, -0.751212, 0.344914, 0.562774, 0.00332858, -0.530115, -0.823252, -0.203061, 0.55213, 0, 0, 0, 1
96
0.375778, -0.448589, 0.810901, 0.0314384, -0.750476, 0.366045, 0.55027, 0.00311782, -0.543673, -0.815338, -0.199105, 0.554474, 0, 0, 0, 1
97
0.358616, -0.430972, 0.828046, 0.0300291, -0.75767, 0.383773, 0.527877, 0.00261703, -0.545283, -0.816688, -0.188909, 0.550929, 0, 0, 0, 1
98
0.371737, -0.430052, 0.82272, 0.028418, -0.722592, 0.422339, 0.547257, 0.00180859, -0.582816, -0.797925, -0.153755, 0.550593, 0, 0, 0, 1
99
0.386994, -0.453913, 0.802621, 0.0261858, -0.676006, 0.452315, 0.581744, -0.000188589, -0.627099, -0.767706, -0.131806, 0.550744, 0, 0, 0, 1
100
0.421454, -0.475418, 0.772241, 0.0240444, -0.642908, 0.443938, 0.62417, -0.00499264, -0.639569, -0.759537, -0.118552, 0.54848, 0, 0, 0, 1
101
0.438767, -0.487329, 0.754981, 0.0210843, -0.631824, 0.430116, 0.644823, -0.00849034, -0.638971, -0.759941, -0.119187, 0.548826, 0, 0, 0, 1
102
0.457885, -0.485311, 0.74486, 0.0188919, -0.606706, 0.44183, 0.660827, -0.0102663, -0.649809, -0.754492, -0.0921353, 0.549323, 0, 0, 0, 1
103
0.492025, -0.473119, 0.730802, 0.0182859, -0.576009, 0.452519, 0.680764, -0.0120899, -0.652785, -0.755899, -0.0498721, 0.551873, 0, 0, 0, 1
104
0.525576, -0.44642, 0.724211, 0.0177312, -0.555659, 0.464478, 0.689567, -0.0122515, -0.644217, -0.764832, -0.00394005, 0.550179, 0, 0, 0, 1
105
0.547049, -0.472859, 0.690756, 0.0163384, -0.539439, 0.431862, 0.722842, -0.0156148, -0.640115, -0.768048, -0.0188299, 0.556492, 0, 0, 0, 1
106
0.563063, -0.495896, 0.661097, 0.0148526, -0.532315, 0.394275, 0.749124, -0.0194337, -0.632143, -0.773714, -0.0419726, 0.560446, 0, 0, 0, 1
107
0.577035, -0.483004, 0.65859, 0.0138198, -0.550608, 0.365514, 0.750486, -0.0210878, -0.603213, -0.795679, -0.0550324, 0.559842, 0, 0, 0, 1
108
0.588193, -0.475125, 0.654438, 0.0128105, -0.581, 0.314649, 0.750623, -0.023178, -0.562558, -0.821737, -0.0909747, 0.559521, 0, 0, 0, 1
109
0.608927, -0.475197, 0.635136, 0.0126429, -0.56005, 0.309479, 0.768483, -0.0230212, -0.561744, -0.823655, -0.077685, 0.559875, 0, 0, 0, 1
110
0.608669, -0.450509, 0.653121, 0.0124667, -0.587823, 0.296836, 0.752564, -0.0227845, -0.532908, -0.841978, -0.0841459, 0.574087, 0, 0, 0, 1
111
0.631456, -0.47157, 0.61554, 0.0119867, -0.559585, 0.27239, 0.782731, -0.0240441, -0.536781, -0.838704, -0.091882, 0.571149, 0, 0, 0, 1
112
0.622337, -0.474986, 0.622165, 0.0110732, -0.570472, 0.269023, 0.776009, -0.0252855, -0.535972, -0.837862, -0.103544, 0.573218, 0, 0, 0, 1
113
0.648642, -0.484865, 0.586663, 0.0121351, -0.546737, 0.239398, 0.802352, -0.0299525, -0.52948, -0.841185, -0.109812, 0.573727, 0, 0, 0, 1
114
0.64258, -0.515171, 0.567181, 0.0118798, -0.525198, 0.242849, 0.815594, -0.0326439, -0.557911, -0.821962, -0.114518, 0.579622, 0, 0, 0, 1
115
0.661254, -0.511956, 0.548314, 0.0131008, -0.517526, 0.217804, 0.827484, -0.036429, -0.543062, -0.830939, -0.120928, 0.575121, 0, 0, 0, 1
116
0.655232, -0.536121, 0.532212, 0.012928, -0.50477, 0.213441, 0.836452, -0.0390532, -0.562037, -0.81671, -0.130765, 0.581331, 0, 0, 0, 1
117
0.678257, -0.571691, 0.461671, 0.0148384, -0.43213, 0.197843, 0.879843, -0.0420739, -0.594339, -0.796257, -0.112857, 0.58495, 0, 0, 0, 1
118
0.68224, -0.582541, 0.441811, 0.0151767, -0.410634, 0.194675, 0.890776, -0.0424597, -0.604925, -0.789143, -0.106397, 0.584706, 0, 0, 0, 1
119
0.659305, -0.610162, 0.439342, 0.0141057, -0.401316, 0.208556, 0.89188, -0.0419837, -0.635821, -0.764333, -0.107366, 0.586235, 0, 0, 0, 1
120
0.631925, -0.623373, 0.460521, 0.0122536, -0.418093, 0.226138, 0.879807, -0.0416333, -0.652591, -0.748509, -0.117726, 0.588747, 0, 0, 0, 1
121
0.597876, -0.638567, 0.484541, 0.00941168, -0.424871, 0.260135, 0.867072, -0.0402872, -0.679732, -0.724265, -0.115781, 0.596231, 0, 0, 0, 1
122
0.548513, -0.705136, 0.449355, 0.00492472, -0.387669, 0.261697, 0.883871, -0.0406156, -0.740846, -0.659012, -0.129816, 0.589154, 0, 0, 0, 1
123
0.543266, -0.719413, 0.432793, 0.00334642, -0.377032, 0.251539, 0.89139, -0.0422113, -0.750143, -0.647435, -0.13459, 0.587508, 0, 0, 0, 1
124
0.516066, -0.724882, 0.456316, 0.000506179, -0.396004, 0.270472, 0.877511, -0.042355, -0.759515, -0.633553, -0.147475, 0.59089, 0, 0, 0, 1
125
0.470557, -0.746569, 0.470333, -0.00282096, -0.370727, 0.316429, 0.873175, -0.0408654, -0.800714, -0.58524, -0.127876, 0.592179, 0, 0, 0, 1
126
0.456348, -0.730147, 0.508561, -0.00525884, -0.373045, 0.361898, 0.854322, -0.0388939, -0.80783, -0.57958, -0.107227, 0.58818, 0, 0, 0, 1
127
0.457948, -0.712084, 0.532187, -0.00668053, -0.369655, 0.39191, 0.842473, -0.0354228, -0.808483, -0.58253, -0.0837518, 0.585383, 0, 0, 0, 1
128
0.480141, -0.700783, 0.527608, -0.00678959, -0.342937, 0.403645, 0.848212, -0.0331587, -0.807381, -0.588194, -0.0465185, 0.584174, 0, 0, 0, 1
129
0.484779, -0.716893, 0.501054, -0.00718654, -0.308999, 0.395553, 0.864903, -0.0322142, -0.818238, -0.574108, -0.0297648, 0.5847, 0, 0, 0, 1
130
0.483266, -0.712016, 0.5094, -0.00782973, -0.295559, 0.415009, 0.860471, -0.0289286, -0.824077, -0.566391, -0.00988395, 0.580216, 0, 0, 0, 1
131
0.453053, -0.670955, 0.586996, -0.00960687, -0.389749, 0.443116, 0.807306, -0.0251195, -0.801775, -0.594531, -0.0607497, 0.572232, 0, 0, 0, 1
132
0.399472, -0.65646, 0.639909, -0.0110824, -0.462346, 0.458485, 0.758964, -0.0209324, -0.79162, -0.599042, -0.120361, 0.575378, 0, 0, 0, 1
133
0.371524, -0.635138, 0.677179, -0.012307, -0.501059, 0.476878, 0.722167, -0.0179228, -0.78161, -0.607607, -0.141072, 0.571664, 0, 0, 0, 1
134
0.396046, -0.606051, 0.68982, -0.0114902, -0.495351, 0.491546, 0.716246, -0.0151306, -0.773162, -0.625367, -0.105534, 0.57989, 0, 0, 0, 1
135
0.406617, -0.566009, 0.717146, -0.0106207, -0.51342, 0.507721, 0.691822, -0.0113976, -0.755689, -0.649502, -0.084154, 0.580853, 0, 0, 0, 1
136
0.403987, -0.531835, 0.744277, -0.0106082, -0.519447, 0.536352, 0.665207, -0.00712585, -0.752976, -0.655345, -0.059583, 0.576869, 0, 0, 0, 1
137
0.391305, -0.509522, 0.766335, -0.0112031, -0.547539, 0.540398, 0.638881, -0.00422015, -0.739652, -0.669594, -0.067525, 0.576278, 0, 0, 0, 1
138
0.369265, -0.470884, 0.801194, -0.0114242, -0.558127, 0.57696, 0.59633, 0.000976221, -0.743062, -0.66737, -0.0497644, 0.575613, 0, 0, 0, 1
139
0.361048, -0.438738, 0.822894, -0.0111396, -0.553103, 0.609704, 0.567746, 0.00608404, -0.750816, -0.660127, -0.0225376, 0.576035, 0, 0, 0, 1
140
0.368809, -0.433113, 0.822431, -0.0122904, -0.55099, 0.610724, 0.568704, 0.00793368, -0.748595, -0.662892, -0.0134025, 0.573763, 0, 0, 0, 1
141
0.344937, -0.424108, 0.837348, -0.013592, -0.555037, 0.627254, 0.546336, 0.0124218, -0.756939, -0.653208, -0.0190352, 0.58007, 0, 0, 0, 1
142
0.356637, -0.41947, 0.834778, -0.0137913, -0.564349, 0.615357, 0.550312, 0.0152632, -0.74453, -0.667365, -0.0172709, 0.582788, 0, 0, 0, 1
143
0.337468, -0.414839, 0.845, -0.0153729, -0.575827, 0.619148, 0.533926, 0.0190943, -0.744676, -0.666754, -0.029936, 0.580439, 0, 0, 0, 1
144
0.342229, -0.406404, 0.847181, -0.0161616, -0.577873, 0.619914, 0.530817, 0.023348, -0.740909, -0.671222, -0.0226997, 0.582459, 0, 0, 0, 1
145
0.356055, -0.410227, 0.839607, -0.0168889, -0.611448, 0.577171, 0.541297, 0.0244293, -0.706655, -0.706105, -0.0453303, 0.584124, 0, 0, 0, 1
146
0.375713, -0.442351, 0.81435, -0.018936, -0.595011, 0.558548, 0.577914, 0.0258766, -0.710497, -0.701675, -0.0533526, 0.585263, 0, 0, 0, 1
147
0.412878, -0.482231, 0.772648, -0.0205728, -0.57678, 0.518108, 0.631574, 0.0255758, -0.704883, -0.706409, -0.0642283, 0.584777, 0, 0, 0, 1
148
0.427977, -0.48953, 0.759734, -0.0214206, -0.577067, 0.498945, 0.646564, 0.0275697, -0.695582, -0.71513, -0.0689564, 0.58554, 0, 0, 0, 1
149
0.407778, -0.490486, 0.770157, -0.0236067, -0.585414, 0.506859, 0.632758, 0.0306241, -0.700723, -0.708882, -0.0804535, 0.585321, 0, 0, 0, 1
150
0.435293, -0.501791, 0.747479, -0.0245198, -0.548738, 0.510339, 0.662148, 0.0315596, -0.713731, -0.698396, -0.0532067, 0.580029, 0, 0, 0, 1
151
0.498662, -0.547718, 0.671819, -0.0246946, -0.475867, 0.474831, 0.740328, 0.0295402, -0.724495, -0.688867, -0.0238626, 0.579273, 0, 0, 0, 1
152
0.504985, -0.56599, 0.651648, -0.0259834, -0.442819, 0.478167, 0.758463, 0.0314695, -0.740883, -0.671572, -0.00916511, 0.583842, 0, 0, 0, 1
153
0.537875, -0.564504, 0.62612, -0.0250645, -0.396303, 0.486212, 0.778807, 0.0328386, -0.74407, -0.667032, 0.0378053, 0.585088, 0, 0, 0, 1
154
0.518374, -0.589571, 0.619431, -0.024822, -0.38215, 0.488296, 0.784555, 0.0314791, -0.76502, -0.643406, 0.0278138, 0.568443, 0, 0, 0, 1
155
0.510492, -0.615095, 0.60088, -0.0246662, -0.390863, 0.456444, 0.799302, 0.0308927, -0.765918, -0.642897, -0.00740818, 0.56675, 0, 0, 0, 1
156
0.519985, -0.592242, 0.61552, -0.0230934, -0.363252, 0.498875, 0.786873, 0.0354589, -0.773091, -0.632749, 0.0442731, 0.558327, 0, 0, 0, 1
157
0.490922, -0.559473, 0.667822, -0.0223959, -0.394206, 0.540941, 0.742955, 0.0412195, -0.776919, -0.62799, 0.0450111, 0.557078, 0, 0, 0, 1
158
0.487834, -0.540269, 0.685659, -0.0206946, -0.350889, 0.597852, 0.720727, 0.0463152, -0.799312, -0.592183, 0.102076, 0.538048, 0, 0, 0, 1
159
0.459287, -0.533408, 0.710305, -0.0210272, -0.273609, 0.675807, 0.684413, 0.0563254, -0.845103, -0.508685, 0.164443, 0.541696, 0, 0, 0, 1
160
0.475704, -0.496385, 0.726161, -0.0191832, -0.296419, 0.6868, 0.663656, 0.0603967, -0.828158, -0.53095, 0.179575, 0.53711, 0, 0, 0, 1
161
0.357977, -0.523088, 0.773455, -0.0231099, -0.364353, 0.684429, 0.631508, 0.0648797, -0.859712, -0.507873, 0.0544193, 0.546926, 0, 0, 0, 1
162
0.294385, -0.492306, 0.819131, -0.0239461, -0.418109, 0.704389, 0.573603, 0.0715118, -0.859376, -0.511343, 0.00152192, 0.552304, 0, 0, 0, 1
163
0.276987, -0.459126, 0.844088, -0.0234964, -0.41756, 0.733663, 0.53608, 0.0773291, -0.865405, -0.500942, 0.0115009, 0.552772, 0, 0, 0, 1
164
0.234749, -0.391072, 0.88992, -0.0224445, -0.39353, 0.798889, 0.454873, 0.0858765, -0.888836, -0.456989, 0.0336378, 0.554109, 0, 0, 0, 1
165
0.167441, -0.365346, 0.91569, -0.0233854, -0.34527, 0.848251, 0.401569, 0.0938649, -0.923447, -0.383397, 0.0158864, 0.563672, 0, 0, 0, 1
166
0.0686356, -0.385823, 0.920017, -0.0256646, -0.323958, 0.863599, 0.386327, 0.0958019, -0.943579, -0.32456, -0.0657193, 0.563476, 0, 0, 0, 1
167
-0.0285364, -0.45519, 0.889938, -0.0296345, -0.435384, 0.807073, 0.39884, 0.0944182, -0.899793, -0.376081, -0.221216, 0.573336, 0, 0, 0, 1
168
-0.0716169, -0.49389, 0.866572, -0.0314627, -0.465997, 0.784723, 0.408725, 0.0943929, -0.881883, -0.374546, -0.286353, 0.577256, 0, 0, 0, 1
169
-0.108003, -0.488591, 0.865805, -0.0322241, -0.386498, 0.823025, 0.416232, 0.0988187, -0.915944, -0.289675, -0.277731, 0.586265, 0, 0, 0, 1
170
-0.244366, -0.543766, 0.802874, -0.0342821, -0.336578, 0.824063, 0.45567, 0.0977872, -0.909395, -0.158877, -0.384395, 0.595078, 0, 0, 0, 1
171
-0.323583, -0.522638, 0.788762, -0.0335666, -0.257773, 0.850773, 0.457972, 0.0996183, -0.910409, -0.055127, -0.410019, 0.59838, 0, 0, 0, 1
172
-0.39035, -0.499097, 0.773648, -0.0322519, -0.28562, 0.864502, 0.413591, 0.102227, -0.87524, -0.0595216, -0.480012, 0.601178, 0, 0, 0, 1
173
-0.481287, -0.552965, 0.680143, -0.0316071, -0.314202, 0.83319, 0.45505, 0.0984865, -0.818313, 0.00530958, -0.574748, 0.605821, 0, 0, 0, 1
174
-0.505028, -0.597448, 0.622901, -0.030714, -0.414755, 0.800901, 0.431898, 0.0952824, -0.756916, -0.0402282, -0.652273, 0.590956, 0, 0, 0, 1
175
-0.447627, -0.654198, 0.609639, -0.0317278, -0.492894, 0.749343, 0.4422, 0.0933602, -0.746111, -0.102544, -0.657877, 0.594477, 0, 0, 0, 1
176
-0.428153, -0.646839, 0.6311, -0.030754, -0.456808, 0.757468, 0.466443, 0.0955678, -0.779749, -0.0885802, -0.619795, 0.610192, 0, 0, 0, 1
177
-0.430964, -0.647818, 0.628176, -0.029496, -0.453457, 0.757336, 0.469913, 0.0967502, -0.780156, -0.0823326, -0.620144, 0.617647, 0, 0, 0, 1
178
-0.435749, -0.656094, 0.616171, -0.0289014, -0.453576, 0.751369, 0.479283, 0.0961829, -0.777424, -0.0706307, -0.624999, 0.616278, 0, 0, 0, 1
179
-0.41227, -0.681473, 0.604675, -0.0283715, -0.446914, 0.729635, 0.517591, 0.0937496, -0.793913, -0.056848, -0.605369, 0.612318, 0, 0, 0, 1
180
-0.445789, -0.69347, 0.566017, -0.0275264, -0.472457, 0.719355, 0.509228, 0.0937284, -0.760298, -0.0404073, -0.648317, 0.619623, 0, 0, 0, 1
181
-0.417814, -0.679417, 0.603181, -0.0279482, -0.453113, 0.731274, 0.50983, 0.0927737, -0.787475, -0.0602921, -0.613392, 0.611052, 0, 0, 0, 1
182
-0.370237, -0.721941, 0.584576, -0.0286258, -0.49514, 0.685819, 0.533375, 0.0894474, -0.785975, -0.0919687, -0.61138, 0.614427, 0, 0, 0, 1
183
-0.34099, -0.76057, 0.552506, -0.0290705, -0.600213, 0.628486, 0.494722, 0.0861297, -0.72351, -0.162922, -0.670813, 0.613669, 0, 0, 0, 1
184
-0.310781, -0.761576, 0.568701, -0.0298821, -0.62663, 0.614055, 0.479866, 0.084268, -0.714666, -0.207228, -0.668064, 0.61012, 0, 0, 0, 1
185
-0.295211, -0.770422, 0.56507, -0.0299459, -0.654329, 0.593991, 0.468004, 0.082929, -0.696204, -0.231578, -0.679464, 0.612803, 0, 0, 0, 1
186
-0.258767, -0.788736, 0.557619, -0.0304931, -0.682114, 0.557953, 0.472662, 0.0786387, -0.683928, -0.258047, -0.68239, 0.605703, 0, 0, 0, 1
187
-0.320822, -0.76479, 0.558725, -0.0299756, -0.646939, 0.607802, 0.460485, 0.0792248, -0.691766, -0.213723, -0.689771, 0.606668, 0, 0, 0, 1
188
-0.287462, -0.813115, 0.506175, -0.0300388, -0.607516, 0.563361, 0.559955, 0.0737284, -0.740464, -0.14654, -0.655927, 0.615031, 0, 0, 0, 1
189
-0.22858, -0.861349, 0.453689, -0.0295193, -0.589199, 0.493387, 0.639855, 0.0673972, -0.774979, -0.121051, -0.620286, 0.614617, 0, 0, 0, 1
190
-0.120344, -0.857053, 0.50098, -0.0295476, -0.522652, 0.483748, 0.702014, 0.0626086, -0.844009, -0.177351, -0.506159, 0.601674, 0, 0, 0, 1
191
-0.110902, -0.880838, 0.460249, -0.0281233, -0.409838, 0.462432, 0.78625, 0.0576628, -0.90539, -0.101427, -0.412288, 0.603017, 0, 0, 0, 1
192
-0.121592, -0.881661, 0.455954, -0.0271009, -0.410742, 0.462883, 0.785513, 0.0552538, -0.903607, -0.0917632, -0.41842, 0.602446, 0, 0, 0, 1
193
-0.166858, -0.899435, 0.403955, -0.0252501, -0.430359, 0.435052, 0.790899, 0.0520345, -0.8871, -0.0418732, -0.459674, 0.608121, 0, 0, 0, 1
194
-0.193852, -0.915708, 0.351999, -0.0233491, -0.456393, 0.401795, 0.793893, 0.0487173, -0.868403, -0.00674781, -0.495814, 0.609399, 0, 0, 0, 1
195
-0.25238, -0.90926, 0.33099, -0.0215611, -0.50159, 0.415455, 0.758818, 0.0489175, -0.827471, 0.0254936, -0.56093, 0.611462, 0, 0, 0, 1
196
-0.302, -0.902278, 0.307724, -0.0193343, -0.523387, 0.426727, 0.737543, 0.0491643, -0.79678, 0.0616833, -0.601114, 0.615882, 0, 0, 0, 1
197
-0.338536, -0.906296, 0.253032, -0.0165749, -0.548696, 0.408599, 0.729369, 0.047195, -0.764409, 0.108084, -0.635607, 0.616854, 0, 0, 0, 1
198
-0.331382, -0.907908, 0.256696, -0.0149832, -0.5358, 0.405034, 0.740854, 0.0459311, -0.776594, 0.107972, -0.62068, 0.614804, 0, 0, 0, 1
199
-0.321801, -0.914558, 0.245014, -0.012977, -0.590303, 0.396127, 0.703295, 0.0455072, -0.740258, 0.0816932, -0.667341, 0.617407, 0, 0, 0, 1
200
-0.327206, -0.912668, 0.244899, -0.0114208, -0.613845, 0.402332, 0.679207, 0.0456984, -0.718418, 0.0719152, -0.691884, 0.617491, 0, 0, 0, 1
201
-0.315007, -0.927801, 0.199899, -0.00928037, -0.637645, 0.362898, 0.679495, 0.0429098, -0.702976, 0.0865859, -0.705924, 0.616055, 0, 0, 0, 1
202
-0.349088, -0.925449, 0.147261, -0.00615696, -0.638077, 0.349838, 0.685908, 0.041816, -0.686287, 0.145483, -0.712632, 0.618323, 0, 0, 0, 1
203
-0.40547, -0.904756, 0.130441, -0.0037925, -0.665355, 0.389964, 0.636577, 0.0436118, -0.626811, 0.171327, -0.760102, 0.613844, 0, 0, 0, 1
204
-0.403655, -0.913163, 0.0565686, 0.00129546, -0.69369, 0.345785, 0.631843, 0.0396533, -0.596533, 0.21581, -0.773029, 0.621241, 0, 0, 0, 1
205
-0.444533, -0.892621, -0.0749736, 0.00702064, -0.723326, 0.308334, 0.617843, 0.0366097, -0.528379, 0.328886, -0.782719, 0.607538, 0, 0, 0, 1
206
-0.460271, -0.885608, -0.0620841, 0.00820428, -0.713702, 0.327527, 0.619157, 0.0366247, -0.527992, 0.329293, -0.782809, 0.608579, 0, 0, 0, 1
207
-0.409316, -0.912235, -0.0171382, 0.00736939, -0.725864, 0.314201, 0.611882, 0.0354511, -0.552792, 0.262897, -0.790764, 0.622769, 0, 0, 0, 1
208
-0.359671, -0.931532, -0.0537632, 0.00849191, -0.727651, 0.243955, 0.641101, 0.0308749, -0.584087, 0.26971, -0.765571, 0.630111, 0, 0, 0, 1
209
-0.3573, -0.932421, -0.0541531, 0.00697596, -0.709588, 0.233301, 0.664873, 0.0294035, -0.607304, 0.27599, -0.744991, 0.623635, 0, 0, 0, 1
210
-0.344561, -0.938594, 0.0179888, 0.00485942, -0.715083, 0.274832, 0.642747, 0.0315173, -0.60822, 0.208607, -0.765867, 0.634632, 0, 0, 0, 1
211
-0.320066, -0.947292, 0.0141965, 0.00422481, -0.711674, 0.250299, 0.656407, 0.0286449, -0.62536, 0.199995, -0.754272, 0.633236, 0, 0, 0, 1
212
-0.322381, -0.946577, 0.00825368, 0.00408899, -0.693618, 0.242149, 0.678423, 0.026019, -0.644176, 0.212991, -0.734624, 0.634863, 0, 0, 0, 1
213
-0.335011, -0.938805, -0.0801148, 0.00376221, -0.654329, 0.170632, 0.736708, -0.00276521, -0.677952, 0.299231, -0.671448, 0.574854, 0, 0, 0, 1
214
-0.292678, -0.955846, 0.0265337, 0.00130104, -0.58974, 0.202285, 0.781849, 0.0180277, -0.752691, 0.213187, -0.622902, 0.63615, 0, 0, 0, 1
215
-0.309186, -0.95008, 0.0419338, -0.00251163, -0.556688, 0.216567, 0.801995, 0.0171487, -0.771037, 0.224627, -0.595856, 0.624907, 0, 0, 0, 1
216
-0.357133, -0.922857, 0.144216, -0.00820732, -0.446588, 0.304315, 0.841398, 0.0202, -0.820373, 0.236091, -0.520816, 0.622301, 0, 0, 0, 1
217
-0.327052, -0.914313, 0.238903, -0.0144776, -0.383359, 0.359438, 0.850788, 0.0228479, -0.863754, 0.186671, -0.468064, 0.61444, 0, 0, 0, 1
218
-0.27175, -0.920038, 0.282287, -0.0172438, -0.382087, 0.372366, 0.845785, 0.0228618, -0.883266, 0.121989, -0.452726, 0.622569, 0, 0, 0, 1
219
-0.262857, -0.932394, 0.248096, -0.017405, -0.390439, 0.33794, 0.856361, 0.0196895, -0.882304, 0.128239, -0.452873, 0.626113, 0, 0, 0, 1
220
-0.235048, -0.940379, 0.245856, -0.0182247, -0.351547, 0.31807, 0.880481, 0.0174375, -0.906181, 0.120531, -0.405349, 0.624768, 0, 0, 0, 1
221
-0.182173, -0.952987, 0.242145, -0.0196142, -0.318019, 0.290139, 0.902598, 0.0146729, -0.930417, 0.0874273, -0.355924, 0.619279, 0, 0, 0, 1
222
-0.167312, -0.958097, 0.232514, -0.020403, -0.222388, 0.266439, 0.937845, 0.0124625, -0.960494, 0.10521, -0.257648, 0.616503, 0, 0, 0, 1
223
-0.166162, -0.95511, 0.245277, -0.02113, -0.155697, 0.271029, 0.949896, 0.0126619, -0.973729, 0.119653, -0.193743, 0.617374, 0, 0, 0, 1
224
-0.213488, -0.958738, 0.187751, -0.020753, -0.153478, 0.222713, 0.962727, 0.00953846, -0.964814, 0.17672, -0.194692, 0.619502, 0, 0, 0, 1
225
-0.248088, -0.950833, 0.185406, -0.0215623, -0.1764, 0.232533, 0.956458, 0.0102405, -0.952541, 0.204585, -0.225416, 0.620297, 0, 0, 0, 1
226
-0.244455, -0.950618, 0.191238, -0.0225672, -0.172919, 0.236801, 0.956046, 0.0115424, -0.954117, 0.200647, -0.222267, 0.62228, 0, 0, 0, 1
227
-0.224014, -0.962472, 0.153202, -0.0223388, -0.222968, 0.203645, 0.953318, 0.0105073, -0.948737, 0.179402, -0.26022, 0.618758, 0, 0, 0, 1
228
-0.253274, -0.965957, 0.0527625, -0.0199594, -0.241133, 0.11586, 0.963552, 0.00659209, -0.93686, 0.231325, -0.262268, 0.621162, 0, 0, 0, 1
229
-0.272808, -0.961952, 0.0151607, -0.0193406, -0.241023, 0.0835968, 0.966913, 0.00610504, -0.931387, 0.260133, -0.254657, 0.622176, 0, 0, 0, 1
230
-0.275227, -0.961291, -0.0132045, -0.0186612, -0.27819, 0.0664903, 0.958222, 0.00654715, -0.920249, 0.267406, -0.285721, 0.626475, 0, 0, 0, 1
231
-0.256596, -0.964059, -0.0689497, -0.0169499, -0.359531, 0.028992, 0.932683, 0.00539186, -0.897159, 0.264117, -0.354047, 0.632196, 0, 0, 0, 1
232
-0.210127, -0.965594, -0.153232, -0.0141581, -0.416996, -0.0532407, 0.907348, 0.00115628, -0.884285, 0.25456, -0.391459, 0.627151, 0, 0, 0, 1
233
-0.212769, -0.965245, -0.151777, -0.0143852, -0.409582, -0.0529183, 0.910737, 0.000766646, -0.887114, 0.255947, -0.384085, 0.625994, 0, 0, 0, 1
234
-0.230835, -0.964348, -0.12943, -0.0156993, -0.387676, -0.0308478, 0.92128, 0.000509208, -0.892425, 0.262845, -0.366731, 0.620966, 0, 0, 0, 1
235
-0.22584, -0.964949, -0.133694, -0.0160807, -0.369046, -0.0422603, 0.92845, 0.000481504, -0.901555, 0.259025, -0.346564, 0.624262, 0, 0, 0, 1
236
-0.24067, -0.968789, -0.0594206, -0.0195997, -0.344832, 0.0281214, 0.938243, 0.00336673, -0.907286, 0.246301, -0.340836, 0.622354, 0, 0, 0, 1
237
-0.292472, -0.956154, -0.015254, -0.0217568, -0.373536, 0.0995494, 0.922258, 0.00664302, -0.880301, 0.275437, -0.386272, 0.623498, 0, 0, 0, 1
238
-0.352832, -0.931986, -0.0831539, -0.0195041, -0.453111, 0.0924346, 0.886649, 0.00693995, -0.818656, 0.35052, -0.454906, 0.630111, 0, 0, 0, 1
239
-0.353652, -0.931622, -0.0837526, -0.0198701, -0.422597, 0.07926, 0.902845, 0.00604153, -0.83447, 0.354691, -0.421729, 0.628877, 0, 0, 0, 1
240
-0.405728, -0.909914, -0.0862849, -0.019792, -0.379725, 0.0819419, 0.921463, 0.00611306, -0.83138, 0.406632, -0.378761, 0.629302, 0, 0, 0, 1
241
-0.404274, -0.908648, -0.104522, -0.0195434, -0.353114, 0.049642, 0.934263, 0.00488862, -0.843725, 0.41461, -0.340923, 0.630391, 0, 0, 0, 1
242
-0.376837, -0.919954, -0.108084, -0.0201806, -0.305011, 0.0130647, 0.95226, 0.00362001, -0.874621, 0.391818, -0.285517, 0.625971, 0, 0, 0, 1
243
-0.385466, -0.916773, -0.104627, -0.0206764, -0.303522, 0.0189029, 0.952637, 0.00458378, -0.871371, 0.398971, -0.285546, 0.627149, 0, 0, 0, 1
244
-0.402011, -0.909704, -0.104068, -0.0204178, -0.274278, 0.0112084, 0.961585, 0.00485107, -0.873588, 0.415116, -0.254016, 0.626635, 0, 0, 0, 1
245
-0.373687, -0.918663, -0.12814, -0.0197487, -0.223318, -0.0449742, 0.973708, 0.00227354, -0.90027, 0.392483, -0.188345, 0.621175, 0, 0, 0, 1
246
-0.329213, -0.930554, -0.160289, -0.0185502, -0.183684, -0.103393, 0.977533, 0.000473349, -0.926217, 0.351264, -0.136887, 0.618612, 0, 0, 0, 1
247
-0.328699, -0.920957, -0.209284, -0.0163447, -0.164173, -0.162502, 0.972954, -0.00108223, -0.930056, 0.354172, -0.0977799, 0.617666, 0, 0, 0, 1
248
-0.345739, -0.917129, -0.19835, -0.0164245, -0.152715, -0.153566, 0.976266, -0.000242551, -0.92582, 0.367829, -0.0869632, 0.616423, 0, 0, 0, 1
249
-0.365623, -0.907283, -0.207752, -0.015669, -0.134382, -0.169407, 0.976341, 0.000157495, -0.921011, 0.384895, -0.0599805, 0.616822, 0, 0, 0, 1
250
-0.439028, -0.872153, -0.215887, -0.0140922, -0.0956141, -0.193561, 0.976418, 0.000296312, -0.893371, 0.44932, 0.00159122, 0.617593, 0, 0, 0, 1
251
-0.40228, -0.885148, -0.233855, -0.0132969, -0.074146, -0.223092, 0.971973, -0.000193337, -0.912508, 0.408349, 0.024118, 0.612328, 0, 0, 0, 1
252
-0.391962, -0.89213, -0.224663, -0.0133778, -0.0477278, -0.224151, 0.973384, 0.00042041, -0.918742, 0.392257, 0.0452821, 0.613805, 0, 0, 0, 1
253
-0.393989, -0.895771, -0.205842, -0.0139631, -0.013824, -0.218152, 0.975817, 0.00132567, -0.919011, 0.38731, 0.0735688, 0.610935, 0, 0, 0, 1
254
-0.357041, -0.90434, -0.23387, -0.0123472, -0.0454542, -0.233251, 0.971353, 0.000708417, -0.932982, 0.357448, 0.0421768, 0.61215, 0, 0, 0, 1
255
-0.336557, -0.916064, -0.218084, -0.0128745, -0.00836696, -0.228672, 0.973467, 0.000795284, -0.941626, 0.329456, 0.0692988, 0.610171, 0, 0, 0, 1
256
-0.374755, -0.899948, -0.222839, -0.0118727, -0.00906036, -0.236784, 0.97152, 8.63109e-06, -0.927079, 0.366106, 0.0805849, 0.610609, 0, 0, 0, 1
257
-0.352197, -0.910291, -0.217561, -0.0119961, -0.0298661, -0.221401, 0.974725, 4.99477e-06, -0.935449, 0.349797, 0.0507925, 0.612491, 0, 0, 0, 1
258
-0.36423, -0.909767, -0.199162, -0.0125846, -0.0174109, -0.207159, 0.978152, -0.00014497, -0.931146, 0.359745, 0.059616, 0.611902, 0, 0, 0, 1
259
-0.378329, -0.910632, -0.166197, -0.0139419, 0.0201868, -0.187611, 0.982035, -8.03761e-05, -0.925451, 0.368182, 0.0893639, 0.612133, 0, 0, 0, 1
260
-0.363338, -0.919857, -0.147833, -0.0148925, 0.0371053, -0.172834, 0.984251, -0.000840807, -0.930918, 0.352135, 0.0969309, 0.61079, 0, 0, 0, 1
261
-0.355319, -0.930974, -0.0839136, -0.0176993, 0.0837877, -0.121128, 0.989094, -0.000421958, -0.930982, 0.344418, 0.121045, 0.606633, 0, 0, 0, 1
262
-0.382747, -0.923344, -0.030739, -0.019563, 0.0996494, -0.0743361, 0.992241, 0.000408862, -0.918462, 0.376719, 0.120464, 0.607988, 0, 0, 0, 1
263
-0.42838, -0.9036, -0.00185144, -0.020075, 0.138575, -0.067717, 0.988033, 0.00085567, -0.892909, 0.423002, 0.154227, 0.613244, 0, 0, 0, 1
264
-0.465434, -0.87893, 0.104202, -0.0229403, 0.186184, 0.0178732, 0.982351, 0.0055008, -0.865277, 0.476625, 0.155325, 0.61716, 0, 0, 0, 1
265
-0.497653, -0.86326, 0.0844328, -0.0217821, 0.164135, 0.00186333, 0.986435, 0.0041482, -0.851704, 0.504765, 0.140765, 0.616824, 0, 0, 0, 1
266
-0.492471, -0.866998, 0.076101, -0.0218343, 0.167251, -0.00846244, 0.985877, 0.00438568, -0.854106, 0.498248, 0.149175, 0.614734, 0, 0, 0, 1
267
-0.517093, -0.85009, 0.0998311, -0.0217741, 0.184182, 0.00339563, 0.982885, 0.00624659, -0.835877, 0.526635, 0.154816, 0.617079, 0, 0, 0, 1
268
-0.517876, -0.851563, 0.0815378, -0.021225, 0.157504, -0.00122646, 0.987517, 0.00671063, -0.84083, 0.524258, 0.134761, 0.617913, 0, 0, 0, 1
269
-0.500601, -0.855867, 0.129985, -0.0230881, 0.189358, 0.0382606, 0.981161, 0.0101515, -0.844713, 0.515789, 0.142913, 0.61604, 0, 0, 0, 1
270
-0.493231, -0.853532, 0.167961, -0.0240818, 0.21001, 0.0705388, 0.97515, 0.0128304, -0.844167, 0.516253, 0.144458, 0.614504, 0, 0, 0, 1
271
-0.480866, -0.859452, 0.173538, -0.0243165, 0.226285, 0.0695737, 0.971573, 0.013788, -0.84709, 0.506469, 0.161026, 0.613556, 0, 0, 0, 1
272
-0.491721, -0.853963, 0.170184, -0.0240095, 0.200726, 0.0790184, 0.976455, 0.0152696, -0.8473, 0.514309, 0.132558, 0.614162, 0, 0, 0, 1
273
-0.512232, -0.84964, 0.125438, -0.0226431, 0.186027, 0.0328298, 0.981995, 0.0144207, -0.838458, 0.526349, 0.14124, 0.616873, 0, 0, 0, 1
274
-0.521329, -0.846893, 0.104857, -0.0219699, 0.17873, 0.0117928, 0.983827, 0.0148468, -0.834428, 0.531642, 0.145218, 0.619285, 0, 0, 0, 1
275
-0.52028, -0.853289, 0.034817, -0.0194744, 0.121303, -0.0334802, 0.99205, 0.0118481, -0.845336, 0.520371, 0.120927, 0.61523, 0, 0, 0, 1
276
-0.544917, -0.837874, 0.0322215, -0.0184624, 0.0538113, 0.00340749, 0.998545, 0.0133299, -0.83676, 0.545862, 0.0432316, 0.621943, 0, 0, 0, 1
277
-0.579726, -0.812976, -0.0547094, -0.0146406, -0.0359721, -0.0415382, 0.998489, 0.010497, -0.814016, 0.580822, -0.00516187, 0.624858, 0, 0, 0, 1
278
-0.577052, -0.811862, -0.0888578, -0.0138895, -0.0787985, -0.0529431, 0.995483, 0.00987178, -0.812896, 0.581452, -0.0334206, 0.626715, 0, 0, 0, 1
279
