sub1
0
-0.0637935, 0.99793, -0.00809, 0.0159414, 0.440185, 0.0354127, 0.897208, 0.212473, 0.895638, 0.053675, -0.441533, 0.601436, 0, 0, 0, 1
1
-0.127734, 0.991801, -0.00375845, 0.0176775, 0.402586, 0.0553118, 0.913709, 0.204201, 0.906426, 0.115199, -0.406351, 0.581803, 0, 0, 0, 1
2
-0.140619, 0.990062, 0.00188943, 0.0178649, 0.405471, 0.0558482, 0.912399, 0.203332, 0.903227, 0.129067, -0.409295, 0.579397, 0, 0, 0, 1
3
-0.163602, 0.986525, -0.00153166, 0.0184849, 0.380619, 0.0645528, 0.922475, 0.200151, 0.910144, 0.150336, -0.386052, 0.57269, 0, 0, 0, 1
4
-0.148495, 0.988876, -0.0086025, 0.0187398, 0.3671, 0.0631991, 0.928032, 0.20014, 0.918252, 0.13465, -0.372402, 0.573388, 0, 0, 0, 1
5
-0.153604, 0.988132, -0.000563507, 0.018884, 0.372221, 0.0583897, 0.926306, 0.199096, 0.915345, 0.142075, -0.376773, 0.570909, 0, 0, 0, 1
6
-0.16555, 0.986201, -0.000169944, 0.0190852, 0.377943, 0.0636029, 0.923642, 0.197997, 0.910907, 0.152844, -0.383258, 0.567592, 0, 0, 0, 1
7
-0.147675, 0.989015, -0.00629472, 0.0193396, 0.361709, 0.0599301, 0.930364, 0.198609, 0.92052, 0.135114, -0.366587, 0.56983, 0, 0, 0, 1
8
-0.160388, 0.987051, 0.00248749, 0.0189433, 0.380202, 0.0594539, 0.922991, 0.198108, 0.91089, 0.148982, -0.384815, 0.568146, 0, 0, 0, 1
9
-0.15128, 0.988488, 0.00229805, 0.0192093, 0.38087, 0.0561434, 0.922923, 0.198213, 0.912168, 0.140495, -0.384979, 0.568624, 0, 0, 0, 1
10
-0.148879, 0.988855, 0.000344241, 0.0193241, 0.369508, 0.055309, 0.92758, 0.198634, 0.917223, 0.138224, -0.373624, 0.570088, 0, 0, 0, 1
11
-0.151843, 0.988398, -0.00348996, 0.0194739, 0.368451, 0.0598792, 0.927717, 0.198647, 0.917162, 0.139581, -0.373269, 0.569851, 0, 0, 0, 1
12
-0.146255, 0.989245, -0.00141015, 0.0191405, 0.366015, 0.0554377, 0.928957, 0.198559, 0.919044, 0.135348, -0.370187, 0.570113, 0, 0, 0, 1
13
-0.145348, 0.989362, 0.00596585, 0.0190608, 0.383928, 0.0508438, 0.921963, 0.198676, 0.911851, 0.136296, -0.387234, 0.569431, 0, 0, 0, 1
14
-0.176699, 0.984263, -0.00153608, 0.0196112, 0.371872, 0.068205, 0.925775, 0.196469, 0.911311, 0.163013, -0.378072, 0.564151, 0, 0, 0, 1
15
-0.154677, 0.987961, -0.00259004, 0.0192779, 0.364502, 0.0595034, 0.9293, 0.198002, 0.918266, 0.142798, -0.369318, 0.568167, 0, 0, 0, 1
16
-0.162851, 0.986648, 0.00196711, 0.0193378, 0.376529, 0.0603048, 0.924441, 0.197418, 0.911978, 0.151287, -0.381323, 0.566544, 0, 0, 0, 1
17
-0.161581, 0.986858, -0.00118447, 0.0194568, 0.377669, 0.0629453, 0.9238, 0.197649, 0.911733, 0.148821, -0.382876, 0.56701, 0, 0, 0, 1
18
-0.163661, 0.986501, -0.0053863, 0.0194724, 0.352794, 0.063626, 0.933536, 0.196955, 0.921276, 0.150883, -0.358445, 0.566015, 0, 0, 0, 1
19
-0.168018, 0.985783, -6.93227e-05, 0.0194397, 0.372599, 0.0635712, 0.925813, 0.197128, 0.912654, 0.155527, -0.377984, 0.566305, 0, 0, 0, 1
20
-0.170544, 0.985347, 0.00188405, 0.019565, 0.374826, 0.0631065, 0.924945, 0.196673, 0.911273, 0.15845, -0.380097, 0.564901, 0, 0, 0, 1
21
-0.167381, 0.985891, 0.000150391, 0.0195548, 0.371294, 0.0628955, 0.926383, 0.196878, 0.913303, 0.155114, -0.376583, 0.56521, 0, 0, 0, 1
22
-0.163509, 0.986541, -0.00112374, 0.0192782, 0.369828, 0.0623512, 0.927006, 0.196813, 0.914599, 0.151158, -0.375046, 0.565724, 0, 0, 0, 1
23
-0.168656, 0.985674, -0.00101661, 0.0196126, 0.372003, 0.0646073, 0.925981, 0.196796, 0.91278, 0.155793, -0.37757, 0.565463, 0, 0, 0, 1
24
-0.162013, 0.986774, 0.00533634, 0.0192979, 0.377213, 0.0569338, 0.924375, 0.19756, 0.911845, 0.151774, -0.381449, 0.567036, 0, 0, 0, 1
25
-0.178625, 0.983907, -0.0042557, 0.019702, 0.366165, 0.0704893, 0.927877, 0.196123, 0.913245, 0.164183, -0.372864, 0.563704, 0, 0, 0, 1
26
-0.156302, 0.987707, 0.00167713, 0.0194065, 0.369544, 0.0569044, 0.92747, 0.19821, 0.915973, 0.145585, -0.373896, 0.5692, 0, 0, 0, 1
27
-0.177685, 0.984084, -0.0022739, 0.0196042, 0.363665, 0.0678098, 0.929059, 0.1958, 0.914426, 0.164253, -0.369926, 0.562745, 0, 0, 0, 1
28
-0.15566, 0.987806, 0.00293884, 0.0193442, 0.370297, 0.0555933, 0.927248, 0.198183, 0.915778, 0.145423, -0.374436, 0.568472, 0, 0, 0, 1
29
-0.145551, 0.989329, 0.00643522, 0.019313, 0.378079, 0.0496101, 0.924443, 0.198852, 0.91426, 0.136986, -0.381266, 0.570225, 0, 0, 0, 1
30
-0.138355, 0.990382, -0.000617146, 0.0191836, 0.368787, 0.0520973, 0.928053, 0.199104, 0.919159, 0.128173, -0.372449, 0.571314, 0, 0, 0, 1
31
-0.161417, 0.986886, 0.000824622, 0.0192858, 0.368357, 0.0594741, 0.92778, 0.197285, 0.915564, 0.150063, -0.373126, 0.566479, 0, 0, 0, 1
32
-0.16118, 0.986923, -0.00165168, 0.0194649, 0.364475, 0.0610798, 0.929208, 0.196878, 0.917158, 0.149168, -0.369554, 0.56528, 0, 0, 0, 1
33
-0.151874, 0.988397, -0.00215384, 0.0194764, 0.368462, 0.0586386, 0.927791, 0.198204, 0.917153, 0.140114, -0.373092, 0.568822, 0, 0, 0, 1
34
-0.160185, 0.987086, -0.00132899, 0.0192945, 0.371965, 0.0616099, 0.926199, 0.197768, 0.914321, 0.147869, -0.37703, 0.567431, 0, 0, 0, 1
35
-0.145739, 0.989317, -0.00342237, 0.0193081, 0.360805, 0.0563717, 0.930935, 0.19841, 0.921184, 0.134439, -0.365165, 0.569875, 0, 0, 0, 1
36
-0.140576, 0.990048, -0.00656503, 0.0195254, 0.362693, 0.0576662, 0.930122, 0.198832, 0.921245, 0.128372, -0.367189, 0.570537, 0, 0, 0, 1
37
-0.15729, 0.987551, -0.00114713, 0.0194372, 0.369475, 0.0599246, 0.927306, 0.197307, 0.915832, 0.145432, -0.374301, 0.566894, 0, 0, 0, 1
38
-0.166441, 0.986046, -0.00287635, 0.0196161, 0.369028, 0.0649952, 0.927142, 0.196575, 0.914393, 0.153253, -0.374697, 0.564958, 0, 0, 0, 1
39
-0.156546, 0.987666, -0.00259513, 0.0194956, 0.363743, 0.0600959, 0.929558, 0.197404, 0.91825, 0.144574, -0.368664, 0.56733, 0, 0, 0, 1
40
-0.162475, 0.986672, -0.00880039, 0.0197113, 0.357295, 0.0671449, 0.931574, 0.19678, 0.91975, 0.148214, -0.363442, 0.565624, 0, 0, 0, 1
41
-0.154765, 0.987947, -0.00243765, 0.0195293, 0.369988, 0.0602474, 0.92708, 0.197544, 0.916054, 0.142578, -0.374853, 0.56742, 0, 0, 0, 1
42
-0.148733, 0.988839, -0.00860992, 0.0195599, 0.362543, 0.0626272, 0.929859, 0.198172, 0.920022, 0.135179, -0.367811, 0.56876, 0, 0, 0, 1
43
-0.154291, 0.988024, -0.00110935, 0.0194419, 0.37252, 0.0592131, 0.926132, 0.197406, 0.915108, 0.142481, -0.377194, 0.56688, 0, 0, 0, 1
44
-0.148714, 0.988835, -0.00942736, 0.0194832, 0.361187, 0.06319, 0.930348, 0.198021, 0.920559, 0.134951, -0.366551, 0.568724, 0, 0, 0, 1
45
-0.162579, 0.98669, -0.00299341, 0.0196226, 0.372211, 0.064139, 0.925928, 0.196767, 0.913798, 0.149422, -0.377685, 0.565119, 0, 0, 0, 1
46
-0.153788, 0.988071, -0.00797913, 0.0195648, 0.36676, 0.064579, 0.92807, 0.19767, 0.917516, 0.1398, -0.372316, 0.567964, 0, 0, 0, 1
47
-0.128715, 0.991429, -0.0223131, 0.019812, 0.343458, 0.0656756, 0.936867, 0.198976, 0.930306, 0.112925, -0.348968, 0.571799, 0, 0, 0, 1
48
-0.132289, 0.990985, -0.0211154, 0.0197187, 0.34423, 0.0659082, 0.936567, 0.198404, 0.929519, 0.116629, -0.349846, 0.570162, 0, 0, 0, 1
49
-0.126824, 0.991745, -0.0188614, 0.0197055, 0.349252, 0.0624434, 0.934944, 0.198773, 0.928407, 0.111986, -0.354288, 0.57129, 0, 0, 0, 1
50
-0.183992, 0.982862, -0.0112969, 0.0200383, 0.348692, 0.0760125, 0.934148, 0.194676, 0.919, 0.167937, -0.356701, 0.561022, 0, 0, 0, 1
51
-0.170906, 0.985209, -0.0123738, 0.019703, 0.353668, 0.0730635, 0.932512, 0.195576, 0.919625, 0.154996, -0.360923, 0.562331, 0, 0, 0, 1
52
-0.167094, 0.985929, -0.00462587, 0.0196633, 0.363413, 0.0659513, 0.929289, 0.195823, 0.91652, 0.153598, -0.369319, 0.56331, 0, 0, 0, 1
53
-0.154217, 0.988035, 0.00178505, 0.0192696, 0.378033, 0.0573358, 0.924013, 0.197092, 0.912857, 0.143173, -0.382352, 0.566366, 0, 0, 0, 1
54
-0.147759, 0.989022, 0.000522749, 0.019192, 0.383708, 0.0568386, 0.921702, 0.198461, 0.911557, 0.13639, -0.387894, 0.56947, 0, 0, 0, 1
55
-0.147739, 0.989024, 0.0016858, 0.0187793, 0.386646, 0.0561876, 0.920513, 0.198583, 0.910318, 0.136647, -0.390703, 0.569693, 0, 0, 0, 1
56
-0.144343, 0.989527, -0.000267469, 0.0187431, 0.389067, 0.0570021, 0.919443, 0.199284, 0.909831, 0.132611, -0.39322, 0.571217, 0, 0, 0, 1
57
-0.148107, 0.988956, 0.00530517, 0.0186256, 0.401315, 0.055197, 0.914274, 0.199981, 0.903886, 0.13754, -0.405058, 0.57222, 0, 0, 0, 1
58
-0.16863, 0.985674, 0.00294147, 0.0194647, 0.371364, 0.0607688, 0.926495, 0.19608, 0.913046, 0.157328, -0.376292, 0.564293, 0, 0, 0, 1
59
-0.18807, 0.982155, 9.37111e-05, 0.019295, 0.367701, 0.0703215, 0.92728, 0.195368, 0.910728, 0.174428, -0.374365, 0.562278, 0, 0, 0, 1
60
-0.209444, 0.97778, 0.0087686, 0.0192155, 0.379056, 0.0729225, 0.922494, 0.193991, 0.90136, 0.196535, -0.385907, 0.558141, 0, 0, 0, 1
61
-0.217012, 0.976021, 0.0169368, 0.0188115, 0.380796, 0.0686667, 0.922104, 0.19394, 0.898833, 0.206557, -0.386567, 0.558665, 0, 0, 0, 1
62
-0.299977, 0.953514, 0.0286733, 0.0188937, 0.358311, 0.0847668, 0.929745, 0.186305, 0.884097, 0.289176, -0.367083, 0.540268, 0, 0, 0, 1
63
-0.328231, 0.943872, 0.0369746, 0.0190319, 0.343796, 0.082913, 0.935375, 0.181867, 0.879812, 0.319731, -0.351714, 0.531936, 0, 0, 0, 1
64
-0.268418, 0.962127, 0.0475313, 0.0198174, 0.347202, 0.0506025, 0.936422, 0.185876, 0.898556, 0.267856, -0.347636, 0.547852, 0, 0, 0, 1
65
-0.188128, 0.979799, 0.0678094, 0.0212121, 0.43499, 0.0212215, 0.900183, 0.193688, 0.880564, 0.198846, -0.430196, 0.572569, 0, 0, 0, 1
66
-0.107901, 0.993026, 0.0474518, 0.0221117, 0.464303, 0.00813028, 0.885638, 0.197431, 0.87908, 0.117592, -0.461943, 0.592764, 0, 0, 0, 1
67
-0.065497, 0.997557, 0.0242244, 0.0232122, 0.51681, 0.0131455, 0.855997, 0.197756, 0.853591, 0.0685838, -0.516409, 0.60534, 0, 0, 0, 1
68
0.00749385, 0.999873, -0.0139202, 0.0220611, 0.57724, 0.00704144, 0.816542, 0.196126, 0.816541, -0.0141556, -0.577115, 0.614376, 0, 0, 0, 1
69
-0.0127658, 0.999214, -0.0375031, 0.023415, 0.635155, 0.0370706, 0.771493, 0.192594, 0.772279, -0.0139728, -0.63513, 0.617597, 0, 0, 0, 1
70
-0.0198321, 0.996949, -0.0754783, 0.0247825, 0.658806, 0.0698165, 0.749065, 0.187254, 0.752052, -0.0348712, -0.658182, 0.620327, 0, 0, 0, 1
71
-0.0796279, 0.993465, -0.0817667, 0.0263856, 0.699855, 0.114128, 0.705107, 0.182342, 0.709833, -0.00107975, -0.70437, 0.621409, 0, 0, 0, 1
72
-0.228803, 0.968704, -0.0962289, 0.0293671, 0.70904, 0.233567, 0.665362, 0.170393, 0.667017, 0.0840059, -0.740292, 0.618655, 0, 0, 0, 1
73
-0.245243, 0.965573, -0.0867364, 0.0289856, 0.75895, 0.246887, 0.602527, 0.16773, 0.6032, 0.081936, -0.793371, 0.623332, 0, 0, 0, 1
74
-0.272403, 0.954247, -0.123313, 0.031558, 0.743176, 0.290066, 0.60295, 0.166939, 0.611135, 0.072601, -0.78819, 0.641163, 0, 0, 0, 1
75
-0.295621, 0.955295, -0.00414053, 0.0270177, 0.893973, 0.278167, 0.351331, 0.166227, 0.336778, 0.100159, -0.936242, 0.643072, 0, 0, 0, 1
76
-0.34547, 0.927858, 0.140454, 0.0262708, 0.931796, 0.3214, 0.168689, 0.168945, 0.111378, 0.189151, -0.975611, 0.654153, 0, 0, 0, 1
77
-0.354417, 0.890294, 0.285941, 0.0243825, 0.935073, 0.339048, 0.103355, 0.165667, -0.00493016, 0.304007, -0.952657, 0.657647, 0, 0, 0, 1
78
-0.33282, 0.835769, 0.436712, 0.0234657, 0.941046, 0.324083, 0.0969528, 0.159194, -0.0604997, 0.443234, -0.894362, 0.655592, 0, 0, 0, 1
79
-0.288507, 0.772293, 0.565972, 0.0225873, 0.951055, 0.299491, 0.0761373, 0.152586, -0.110703, 0.560238, -0.820901, 0.64623, 0, 0, 0, 1
80
-0.213217, 0.710913, 0.670177, 0.0209932, 0.968726, 0.242934, 0.0504988, 0.145487, -0.126908, 0.659987, -0.740481, 0.635178, 0, 0, 0, 1
81
-0.178768, 0.669116, 0.721334, 0.0209992, 0.977406, 0.204807, 0.0522497, 0.140242, -0.112773, 0.714378, -0.690613, 0.633157, 0, 0, 0, 1
82
-0.153687, 0.641115, 0.751897, 0.0206528, 0.985355, 0.156315, 0.068121, 0.135087, -0.0738583, 0.751355, -0.655752, 0.631281, 0, 0, 0, 1
83
-0.153743, 0.632422, 0.759212, 0.0218092, 0.988039, 0.10758, 0.110467, 0.131457, -0.0118131, 0.767116, -0.6414, 0.637918, 0, 0, 0, 1
84
-0.235101, 0.646297, 0.725965, 0.0238842, 0.964612, 0.0634141, 0.25593, 0.124263, 0.119372, 0.760445, -0.638337, 0.639837, 0, 0, 0, 1
85
-0.268093, 0.654927, 0.706536, 0.0260257, 0.942211, 0.025305, 0.334062, 0.118968, 0.200909, 0.755267, -0.623866, 0.642102, 0, 0, 0, 1
86
-0.306867, 0.660617, 0.685139, 0.0280805, 0.911585, -0.00291371, 0.4111, 0.114886, 0.273577, 0.750716, -0.601317, 0.645452, 0, 0, 0, 1
87
-0.337255, 0.671926, 0.659373, 0.0303195, 0.876824, -0.0307622, 0.479824, 0.111227, 0.342692, 0.739978, -0.578788, 0.651101, 0, 0, 0, 1
88
-0.374063, 0.68727, 0.622683, 0.0320239, 0.830333, -0.0508587, 0.554939, 0.107876, 0.413064, 0.724617, -0.551642, 0.657076, 0, 0, 0, 1
89
-0.420124, 0.717637, 0.55542, 0.0353919, 0.748227, -0.0723774, 0.659481, 0.104977, 0.51347, 0.692644, -0.50655, 0.66793, 0, 0, 0, 1
90
-0.469588, 0.736653, 0.48665, 0.0382835, 0.659163, -0.0741732, 0.748332, 0.101109, 0.58736, 0.672189, -0.450746, 0.662539, 0, 0, 0, 1
91
-0.535549, 0.729642, 0.425215, 0.0392452, 0.566459, -0.0630726, 0.821672, 0.0949998, 0.626348, 0.680913, -0.379535, 0.642402, 0, 0, 0, 1
92
-0.639709, 0.722918, 0.261072, 0.0401137, 0.345273, -0.0331826, 0.937915, 0.0853441, 0.686702, 0.690134, -0.228378, 0.615156, 0, 0, 0, 1
93
-0.67332, 0.715575, 0.185985, 0.0408954, 0.243498, -0.0228972, 0.96963, 0.0804614, 0.698105, 0.698159, -0.158824, 0.597429, 0, 0, 0, 1
94
-0.673871, 0.72702, 0.131675, 0.041847, 0.179966, -0.0113361, 0.983607, 0.0804475, 0.716598, 0.686521, -0.123201, 0.597977, 0, 0, 0, 1
95
-0.67579, 0.726846, 0.122479, 0.0428598, 0.176009, -0.00223, 0.984385, 0.0801434, 0.715773, 0.686795, -0.126425, 0.59929, 0, 0, 0, 1
96
-0.69031, 0.720783, 0.0627758, 0.0434154, 0.130192, 0.0384004, 0.990744, 0.0765808, 0.711705, 0.692094, -0.120348, 0.592803, 0, 0, 0, 1
97
-0.687118, 0.724291, 0.0571754, 0.0432497, 0.123646, 0.0390279, 0.991558, 0.0747808, 0.715948, 0.688387, -0.116373, 0.591739, 0, 0, 0, 1
98
-0.713684, 0.699908, 0.0279463, 0.0420551, 0.0963608, 0.0585845, 0.993621, 0.0705782, 0.693809, 0.711824, -0.109255, 0.577155, 0, 0, 0, 1
99
-0.764483, 0.644637, -0.00254237, 0.0388314, 0.067598, 0.084087, 0.994163, 0.0633109, 0.641091, 0.759848, -0.107859, 0.540331, 0, 0, 0, 1
100
-0.777987, 0.624546, -0.0683798, 0.0379503, -0.00175163, 0.106681, 0.994291, 0.0589474, 0.628279, 0.773666, -0.0819026, 0.523342, 0, 0, 0, 1
101
-0.786015, 0.614995, -0.0629146, 0.0369964, -0.000624823, 0.10098, 0.994888, 0.0550075, 0.618208, 0.782037, -0.0789879, 0.516616, 0, 0, 0, 1
102
-0.838085, 0.534015, 0.111534, 0.0290975, 0.191085, 0.0958601, 0.976881, 0.0519559, 0.510981, 0.840022, -0.182382, 0.484674, 0, 0, 0, 1
103
-0.808875, 0.536664, 0.240232, 0.029044, 0.353056, 0.11659, 0.928309, 0.0579929, 0.470185, 0.835702, -0.28378, 0.509696, 0, 0, 0, 1
104
-0.762478, 0.557566, 0.328247, 0.0280761, 0.461138, 0.11244, 0.880176, 0.0613753, 0.453851, 0.822482, -0.342849, 0.535075, 0, 0, 0, 1
105
-0.690359, 0.580914, 0.431209, 0.0274449, 0.590921, 0.108903, 0.799345, 0.0648292, 0.417394, 0.806646, -0.418458, 0.555434, 0, 0, 0, 1
106
-0.635553, 0.637679, 0.435242, 0.0307773, 0.665514, 0.16673, 0.727525, 0.0704898, 0.391362, 0.75204, -0.530352, 0.577457, 0, 0, 0, 1
107
-0.564816, 0.657872, 0.498182, 0.0284974, 0.770159, 0.203421, 0.604545, 0.0760083, 0.296375, 0.725136, -0.621565, 0.594877, 0, 0, 0, 1
108
-0.501855, 0.674949, 0.54091, 0.0271138, 0.854703, 0.290995, 0.429889, 0.0846437, 0.132752, 0.678059, -0.722922, 0.59918, 0, 0, 0, 1
109
-0.427849, 0.729618, 0.533479, 0.0254179, 0.903542, 0.329871, 0.27349, 0.0908198, 0.0235649, 0.599032, -0.800379, 0.608475, 0, 0, 0, 1
110
-0.425427, 0.780787, 0.457583, 0.0256703, 0.904943, 0.361755, 0.224079, 0.0921137, 0.00942617, 0.509414, -0.860471, 0.609108, 0, 0, 0, 1
111
-0.420379, 0.819375, 0.389749, 0.0254096, 0.907315, 0.383261, 0.172888, 0.0923523, -0.00771459, 0.426302, -0.904549, 0.60187, 0, 0, 0, 1
112
-0.407541, 0.867945, 0.283865, 0.0256098, 0.913033, 0.381582, 0.144109, 0.0917339, 0.0167615, 0.317906, -0.947976, 0.60154, 0, 0, 0, 1
113
-0.372114, 0.914722, 0.157517, 0.0262253, 0.924943, 0.351261, 0.145246, 0.0899164, 0.0775308, 0.19974, -0.976778, 0.599333, 0, 0, 0, 1
114
-0.329986, 0.941137, 0.0732769, 0.025872, 0.942777, 0.324643, 0.0760246, 0.0882006, 0.0477614, 0.0941678, -0.994411, 0.583175, 0, 0, 0, 1
115
-0.297014, 0.95353, 0.0506179, 0.0246824, 0.953971, 0.294013, 0.0591355, 0.0856643, 0.0415056, 0.065849, -0.996968, 0.569861, 0, 0, 0, 1
116
-0.275542, 0.958184, 0.0771952, 0.0246208, 0.95959, 0.269395, 0.0813231, 0.0831338, 0.0571269, 0.0964807, -0.993695, 0.559844, 0, 0, 0, 1
117
-0.229999, 0.972453, 0.0378522, 0.0231777, 0.968886, 0.225155, 0.102785, 0.0802662, 0.0914313, 0.0603117, -0.993985, 0.556584, 0, 0, 0, 1
118
-0.160775, 0.98694, -0.00994296, 0.0210315, 0.968472, 0.159694, 0.191203, 0.0756205, 0.190295, 0.0211081, -0.981502, 0.555961, 0, 0, 0, 1
119
-0.141662, 0.989417, 0.031376, 0.0223075, 0.946602, 0.126123, 0.296711, 0.0728044, 0.289614, 0.0717301, -0.954453, 0.551215, 0, 0, 0, 1
120
-0.146149, 0.98138, 0.124632, 0.0241686, 0.955009, 0.107101, 0.276564, 0.0728774, 0.258066, 0.159441, -0.952882, 0.544249, 0, 0, 0, 1
121
-0.148044, 0.964992, 0.2165, 0.0234672, 0.948704, 0.0767332, 0.306714, 0.0704085, 0.279365, 0.250799, -0.926854, 0.53446, 0, 0, 0, 1
122
-0.115996, 0.958306, 0.261137, 0.0236581, 0.957504, 0.0379906, 0.285908, 0.0713159, 0.264067, 0.283201, -0.921992, 0.539164, 0, 0, 0, 1
123
-0.0651981, 0.967023, 0.246198, 0.0229031, 0.946857, -0.0179247, 0.321155, 0.0698512, 0.314978, 0.25405, -0.914467, 0.543637, 0, 0, 0, 1
124
-0.0458331, 0.966777, 0.251472, 0.0218311, 0.940863, -0.0428112, 0.336071, 0.0689118, 0.335672, 0.252001, -0.907647, 0.544255, 0, 0, 0, 1
125
-0.056126, 0.953741, 0.295339, 0.0226428, 0.931984, -0.056056, 0.358139, 0.0676675, 0.358128, 0.29535, -0.885729, 0.543797, 0, 0, 0, 1
126
-0.059374, 0.962002, 0.266506, 0.0218873, 0.900829, -0.0633916, 0.42952, 0.0650398, 0.430094, 0.265576, -0.86284, 0.542305, 0, 0, 0, 1
127
-0.107511, 0.938537, 0.328004, 0.0179705, 0.908169, -0.04154, 0.416537, 0.0664946, 0.404562, 0.342663, -0.847889, 0.554579, 0, 0, 0, 1
128
-0.125876, 0.943637, 0.306109, 0.0186655, 0.882356, -0.0345398, 0.469313, 0.0638311, 0.453435, 0.32917, -0.82828, 0.55301, 0, 0, 0, 1
129
-0.12939, 0.950377, 0.282913, 0.0186755, 0.873367, -0.0258807, 0.486376, 0.063078, 0.469563, 0.310016, -0.826683, 0.557174, 0, 0, 0, 1
130
-0.162336, 0.951273, 0.262154, 0.0202151, 0.838075, -0.00731203, 0.545506, 0.0600289, 0.520843, 0.308258, -0.796056, 0.55009, 0, 0, 0, 1
131
-0.163704, 0.965867, 0.200746, 0.0205122, 0.807927, 0.0144963, 0.589105, 0.0586128, 0.566088, 0.258624, -0.782727, 0.552185, 0, 0, 0, 1
132
-0.157516, 0.969985, 0.185242, 0.0214659, 0.822599, 0.0250967, 0.568067, 0.0590259, 0.546369, 0.241857, -0.801867, 0.554158, 0, 0, 0, 1
133
-0.16354, 0.960689, 0.22434, 0.02244, 0.868227, 0.0321796, 0.495123, 0.0606791, 0.468442, 0.275747, -0.839363, 0.548885, 0, 0, 0, 1
134
-0.18274, 0.948236, 0.259712, 0.0190801, 0.860406, 0.0264263, 0.508923, 0.0614086, 0.475718, 0.316456, -0.820702, 0.559577, 0, 0, 0, 1
135
-0.178204, 0.942155, 0.283875, 0.0187974, 0.860873, 0.00954813, 0.50873, 0.0614939, 0.476594, 0.335036, -0.812781, 0.561917, 0, 0, 0, 1
136
-0.119288, 0.937815, 0.325993, 0.0163749, 0.895961, -0.0397976, 0.442345, 0.0641136, 0.427813, 0.344842, -0.835502, 0.577496, 0, 0, 0, 1
137
-0.0692254, 0.944381, 0.321482, 0.0156297, 0.911584, -0.0710223, 0.40493, 0.0654155, 0.405242, 0.321088, -0.855971, 0.584852, 0, 0, 0, 1
138
-0.0433083, 0.951954, 0.303161, 0.014348, 0.931097, -0.0715483, 0.357684, 0.0669032, 0.36219, 0.297761, -0.883267, 0.595266, 0, 0, 0, 1
139
-0.0352915, 0.952682, 0.301908, 0.0140339, 0.962879, -0.0484806, 0.265541, 0.0682524, 0.267614, 0.30007, -0.915612, 0.601333, 0, 0, 0, 1
140
-0.0292127, 0.94179, 0.334927, 0.0138254, 0.993218, -0.0103695, 0.115791, 0.0697961, 0.112524, 0.336036, -0.935105, 0.601783, 0, 0, 0, 1
141
-0.0612133, 0.929438, 0.363863, 0.0144414, 0.996496, 0.0360974, 0.0754391, 0.0692273, 0.056981, 0.367204, -0.928395, 0.607268, 0, 0, 0, 1
142
-0.0517931, 0.924214, 0.378343, 0.0127453, 0.997237, 0.0276705, 0.0689257, 0.0666649, 0.0532327, 0.380866, -0.923098, 0.61269, 0, 0, 0, 1
143
-0.0325415, 0.927535, 0.372313, 0.012815, 0.995264, -0.00406413, 0.0971172, 0.0633578, 0.0915924, 0.373708, -0.923015, 0.61147, 0, 0, 0, 1
144
-0.0548798, 0.931709, 0.359033, 0.0135306, 0.975426, -0.0268139, 0.218685, 0.0585241, 0.213378, 0.362209, -0.907347, 0.604177, 0, 0, 0, 1
145
-0.113534, 0.918111, 0.37971, 0.0147053, 0.932666, -0.0332244, 0.359206, 0.053283, 0.342408, 0.394922, -0.852524, 0.588949, 0, 0, 0, 1
146
-0.127419, 0.913102, 0.387306, 0.015812, 0.88272, -0.0736695, 0.464088, 0.0494359, 0.452294, 0.401015, -0.796631, 0.588403, 0, 0, 0, 1
147
-0.13677, 0.900732, 0.412279, 0.0175802, 0.831713, -0.121659, 0.541711, 0.0463053, 0.538096, 0.416986, -0.732516, 0.588257, 0, 0, 0, 1
148
-0.100337, 0.92226, 0.373317, 0.0178977, 0.711728, -0.195657, 0.674656, 0.0433335, 0.695253, 0.333392, -0.63677, 0.600512, 0, 0, 0, 1
149
-0.0828862, 0.924986, 0.370848, 0.0179511, 0.656768, -0.22918, 0.718423, 0.043576, 0.749525, 0.303106, -0.588509, 0.59858, 0, 0, 0, 1
150
-0.0759416, 0.937816, 0.338722, 0.0190551, 0.629335, -0.218411, 0.74581, 0.0451047, 0.773415, 0.269806, -0.573618, 0.601283, 0, 0, 0, 1
151
-0.104364, 0.943876, 0.313378, 0.0201381, 0.613725, -0.186825, 0.767096, 0.0468003, 0.782592, 0.272383, -0.559786, 0.600767, 0, 0, 0, 1
152
-0.154518, 0.935768, 0.316957, 0.0210105, 0.598974, -0.166405, 0.783287, 0.0483504, 0.78572, 0.310879, -0.534791, 0.595811, 0, 0, 0, 1
153
-0.210876, 0.930445, 0.299671, 0.022651, 0.551567, -0.139841, 0.822324, 0.0499434, 0.807036, 0.338695, -0.483716, 0.593545, 0, 0, 0, 1
154
-0.249268, 0.921279, 0.298514, 0.0237254, 0.519414, -0.132973, 0.844112, 0.0525631, 0.81736, 0.36546, -0.445383, 0.597634, 0, 0, 0, 1
155
-0.299475, 0.921741, 0.246389, 0.0244519, 0.377076, -0.122874, 0.917995, 0.0527392, 0.876431, 0.367822, -0.310772, 0.597603, 0, 0, 0, 1
156
-0.33152, 0.914624, 0.231424, 0.0260094, 0.333497, -0.11585, 0.935605, 0.0541274, 0.88254, 0.387349, -0.26662, 0.592299, 0, 0, 0, 1
157
-0.350712, 0.910186, 0.220366, 0.026559, 0.262819, -0.130193, 0.95602, 0.0545911, 0.898849, 0.393203, -0.193557, 0.581747, 0, 0, 0, 1
158
-0.388743, 0.905326, 0.171064, 0.0271341, 0.141667, -0.124725, 0.982024, 0.0534803, 0.910392, 0.405988, -0.079771, 0.563773, 0, 0, 0, 1
159
-0.338968, 0.922742, 0.18343, 0.0275204, 0.138519, -0.143897, 0.979849, 0.0575927, 0.930547, 0.357544, -0.0790429, 0.575807, 0, 0, 0, 1
160
-0.333988, 0.928902, 0.159973, 0.02851, 0.0870628, -0.138591, 0.986515, 0.0605419, 0.938551, 0.34341, -0.034587, 0.579834, 0, 0, 0, 1
161
-0.381235, 0.915956, 0.12523, 0.0285064, 0.0785903, -0.102859, 0.991585, 0.0631177, 0.921134, 0.387867, -0.0327736, 0.571412, 0, 0, 0, 1
162
-0.371067, 0.925499, 0.0758822, 0.0310627, 0.0402185, -0.0656214, 0.997033, 0.0654932, 0.927737, 0.373016, -0.0128737, 0.568839, 0, 0, 0, 1
163
-0.395626, 0.917201, 0.0471312, 0.0317541, 0.0234808, -0.0411991, 0.998874, 0.0659738, 0.918114, 0.396285, -0.00523842, 0.562444, 0, 0, 0, 1
164
-0.346461, 0.937252, 0.0389968, 0.0338996, 0.0310096, -0.0301051, 0.999065, 0.0697312, 0.937554, 0.347345, -0.0186349, 0.575802, 0, 0, 0, 1
165
-0.35777, 0.933807, 0.00170641, 0.0369728, -0.00211704, -0.00263771, 0.999993, 0.0703207, 0.93381, 0.357762, 0.00291954, 0.575554, 0, 0, 0, 1
166
-0.274221, 0.944545, 0.180651, 0.0395314, 0.17365, -0.136128, 0.975353, 0.0710753, 0.945861, 0.29883, -0.126693, 0.576461, 0, 0, 0, 1
167
-0.268826, 0.963154, -0.0080876, 0.0445614, -0.0274357, 0.000737041, 0.999623, 0.0716907, 0.962801, 0.268944, 0.0262257, 0.580398, 0, 0, 0, 1
168
-0.303808, 0.95169, -0.0445503, 0.0453114, -0.0715779, 0.0238294, 0.99715, 0.0738625, 0.950044, 0.306129, 0.0608797, 0.587814, 0, 0, 0, 1
169
-0.320862, 0.945881, -0.0485255, 0.045912, -0.0833917, 0.0228225, 0.996256, 0.075621, 0.943451, 0.323704, 0.0715551, 0.595291, 0, 0, 0, 1
170
-0.345556, 0.936758, -0.0554197, 0.0465742, -0.0835894, 0.0280966, 0.996104, 0.0760994, 0.934671, 0.34884, 0.0685936, 0.591231, 0, 0, 0, 1
171
-0.338327, 0.939975, -0.0444856, 0.0467709, -0.0741651, 0.0204925, 0.997035, 0.0777049, 0.938104, 0.340621, 0.0627796, 0.597213, 0, 0, 0, 1
172
-0.317102, 0.94748, -0.0415304, 0.0464837, -0.0773795, 0.0177975, 0.996843, 0.0792186, 0.945232, 0.319312, 0.0676713, 0.608207, 0, 0, 0, 1
173
-0.341004, 0.939199, -0.0402253, 0.0463715, -0.0495493, 0.024774, 0.998464, 0.0771642, 0.938758, 0.342471, 0.0380879, 0.595281, 0, 0, 0, 1
174
-0.350886, 0.936233, -0.0185339, 0.0455802, 0.00207637, 0.0205709, 0.999786, 0.0777369, 0.936419, 0.35077, -0.00916305, 0.595831, 0, 0, 0, 1
175
-0.362437, 0.93193, -0.0119286, 0.0457453, -0.000299385, 0.0126833, 0.999919, 0.0769648, 0.932011, 0.362409, -0.00431891, 0.594407, 0, 0, 0, 1
176
-0.393355, 0.917994, 0.0505517, 0.0451632, 0.0663798, -0.0264826, 0.997442, 0.073567, 0.91699, 0.395702, -0.0505207, 0.588745, 0, 0, 0, 1
177
-0.381612, 0.919492, 0.0943602, 0.0454331, 0.14233, -0.0424126, 0.98891, 0.0735657, 0.913301, 0.390808, -0.114688, 0.590893, 0, 0, 0, 1
178
-0.374728, 0.92163, 0.100863, 0.0465885, 0.141728, -0.0505667, 0.988613, 0.071702, 0.916241, 0.384754, -0.111674, 0.591244, 0, 0, 0, 1
179
-0.376212, 0.91697, 0.132768, 0.0467897, 0.210793, -0.0548288, 0.975992, 0.0711494, 0.902239, 0.395164, -0.172666, 0.594879, 0, 0, 0, 1
180
-0.38893, 0.902435, 0.185317, 0.0435617, 0.368282, -0.032083, 0.929161, 0.0744684, 0.844456, 0.429625, -0.319876, 0.601063, 0, 0, 0, 1
181
-0.38083, 0.871016, 0.310317, 0.0398787, 0.591627, -0.0283762, 0.805713, 0.0773496, 0.710598, 0.49043, -0.504514, 0.597953, 0, 0, 0, 1
182
-0.344107, 0.874498, 0.341822, 0.0404518, 0.66261, -0.0317587, 0.748291, 0.0778396, 0.665237, 0.483985, -0.568526, 0.607372, 0, 0, 0, 1
183
-0.347608, 0.860117, 0.373317, 0.038443, 0.691266, -0.0339159, 0.721804, 0.0754754, 0.6335, 0.508965, -0.582783, 0.604473, 0, 0, 0, 1
184
-0.334803, 0.834859, 0.436938, 0.0367904, 0.76433, -0.0305812, 0.6441, 0.0748873, 0.551097, 0.54961, -0.627873, 0.603468, 0, 0, 0, 1
185
-0.3632, 0.829089, 0.425082, 0.0357854, 0.772581, 0.0129869, 0.634783, 0.0730053, 0.520773, 0.558962, -0.645259, 0.602171, 0, 0, 0, 1
186
-0.360446, 0.84117, 0.403126, 0.0356737, 0.783541, 0.0385526, 0.620143, 0.0714004, 0.506106, 0.539392, -0.672991, 0.612722, 0, 0, 0, 1
187
-0.334358, 0.853662, 0.39933, 0.0357762, 0.826587, 0.062087, 0.559375, 0.072554, 0.452725, 0.51711, -0.726388, 0.62211, 0, 0, 0, 1
188
-0.31314, 0.838264, 0.44638, 0.0351197, 0.887075, 0.0903049, 0.452707, 0.0740399, 0.339179, 0.537731, -0.771885, 0.620797, 0, 0, 0, 1
189
-0.278958, 0.821891, 0.496663, 0.0356239, 0.942238, 0.134413, 0.306794, 0.0781813, 0.185394, 0.553555, -0.811917, 0.632204, 0, 0, 0, 1
190
-0.329707, 0.80824, 0.487892, 0.0351438, 0.932505, 0.198115, 0.301971, 0.0783151, 0.147408, 0.554522, -0.819011, 0.627103, 0, 0, 0, 1
191
-0.410058, 0.778945, 0.474441, 0.0352026, 0.909219, 0.308095, 0.28, 0.0804585, 0.0719326, 0.546185, -0.834572, 0.615327, 0, 0, 0, 1
192
-0.390989, 0.772252, 0.500751, 0.0344075, 0.919851, 0.346568, 0.183753, 0.0811161, -0.0316403, 0.53246, -0.845865, 0.618386, 0, 0, 0, 1
193
-0.342962, 0.785319, 0.515411, 0.0344285, 0.935883, 0.332764, 0.115725, 0.0813134, -0.0806284, 0.522052, -0.849095, 0.617383, 0, 0, 0, 1
194
-0.339024, 0.802648, 0.49073, 0.0335913, 0.935009, 0.345152, 0.0814203, 0.080984, -0.104024, 0.486438, -0.867502, 0.611295, 0, 0, 0, 1
195
-0.366264, 0.810127, 0.457758, 0.0313202, 0.925623, 0.367563, 0.0901126, 0.0794988, -0.0952514, 0.456714, -0.884502, 0.597022, 0, 0, 0, 1
196
-0.430458, 0.823618, 0.369266, 0.0316576, 0.899556, 0.425087, 0.100503, 0.080975, -0.0741932, 0.375436, -0.923876, 0.595461, 0, 0, 0, 1
197
-0.477, 0.834688, 0.275253, 0.0308647, 0.87712, 0.472026, 0.0886189, 0.081433, -0.0559559, 0.283698, -0.957281, 0.59541, 0, 0, 0, 1
198
-0.518568, 0.837616, 0.171711, 0.0300215, 0.854995, 0.505997, 0.113809, 0.081458, 0.0084445, 0.205827, -0.978554, 0.594587, 0, 0, 0, 1
199
-0.546092, 0.826925, 0.134078, 0.0287466, 0.835581, 0.526231, 0.157756, 0.0798544, 0.0598985, 0.19818, -0.978335, 0.588513, 0, 0, 0, 1
200
-0.568662, 0.815902, 0.104523, 0.0281951, 0.811818, 0.536203, 0.231168, 0.0777727, 0.132567, 0.216307, -0.967285, 0.587478, 0, 0, 0, 1
201
-0.56868, 0.811894, 0.132014, 0.0268971, 0.808049, 0.521399, 0.274225, 0.0753189, 0.153812, 0.262618, -0.952563, 0.580852, 0, 0, 0, 1
202
-0.528151, 0.847836, 0.0472083, 0.0279019, 0.817773, 0.492876, 0.297189, 0.0733232, 0.228702, 0.195564, -0.953652, 0.582611, 0, 0, 0, 1
203
-0.497076, 0.866976, 0.0355612, 0.0287996, 0.826361, 0.460495, 0.324147, 0.0713094, 0.264654, 0.190509, -0.945339, 0.578303, 0, 0, 0, 1
204
-0.454722, 0.88362, 0.111543, 0.0270871, 0.869421, 0.413228, 0.270829, 0.0708285, 0.193219, 0.220127, -0.956145, 0.581317, 0, 0, 0, 1
205
-0.436012, 0.893489, 0.107559, 0.0277402, 0.866086, 0.38413, 0.319907, 0.0695282, 0.244518, 0.232636, -0.941326, 0.580322, 0, 0, 0, 1
206
-0.43674, 0.88626, 0.154271, 0.026211, 0.869143, 0.371473, 0.326496, 0.0687106, 0.232054, 0.276675, -0.932526, 0.571858, 0, 0, 0, 1
207
-0.441315, 0.876646, 0.191651, 0.0253778, 0.87627, 0.374983, 0.302555, 0.0707585, 0.193369, 0.301457, -0.933667, 0.573862, 0, 0, 0, 1
208
-0.437676, 0.867474, 0.236483, 0.0237407, 0.877319, 0.354442, 0.323547, 0.070084, 0.196851, 0.349077, -0.916187, 0.577789, 0, 0, 0, 1
209
-0.443616, 0.857307, 0.261201, 0.0245874, 0.87665, 0.354525, 0.325266, 0.0706853, 0.186252, 0.373273, -0.908835, 0.573626, 0, 0, 0, 1
210
-0.438041, 0.87079, 0.223251, 0.0265959, 0.868493, 0.34584, 0.355126, 0.0706241, 0.232033, 0.34945, -0.907771, 0.571434, 0, 0, 0, 1
211
-0.428664, 0.882508, 0.193449, 0.0288199, 0.854918, 0.326982, 0.402738, 0.0692974, 0.292167, 0.33802, -0.894642, 0.566604, 0, 0, 0, 1
212
-0.4334, 0.875473, 0.213795, 0.0294408, 0.841421, 0.308136, 0.443918, 0.0682334, 0.322762, 0.372283, -0.870191, 0.563689, 0, 0, 0, 1
213
-0.434869, 0.880082, 0.190629, 0.0310571, 0.80313, 0.283317, 0.524131, 0.0656431, 0.407272, 0.381026, -0.830031, 0.562758, 0, 0, 0, 1
214
-0.420828, 0.880442, 0.218452, 0.0318313, 0.817446, 0.263652, 0.512121, 0.0655776, 0.3933, 0.394086, -0.830671, 0.562886, 0, 0, 0, 1
215
-0.38131, 0.882447, 0.275475, 0.0318545, 0.859965, 0.229258, 0.455961, 0.0667745, 0.339208, 0.410759, -0.846296, 0.571726, 0, 0, 0, 1
216
-0.360124, 0.854668, 0.373964, 0.0300528, 0.86458, 0.155179, 0.477934, 0.0618921, 0.350445, 0.495436, -0.794817, 0.579591, 0, 0, 0, 1
217
-0.307147, 0.853342, 0.421264, 0.0320162, 0.904978, 0.124965, 0.40669, 0.0614335, 0.294405, 0.506147, -0.810643, 0.597942, 0, 0, 0, 1
218
-0.373506, 0.867762, 0.327838, 0.0327099, 0.764701, 0.0879807, 0.63835, 0.0522845, 0.525095, 0.489124, -0.696445, 0.60398, 0, 0, 0, 1
219
-0.342105, 0.87943, 0.331003, 0.0338855, 0.770472, 0.0608819, 0.63456, 0.0537622, 0.537902, 0.472113, -0.698408, 0.615019, 0, 0, 0, 1
220
-0.312986, 0.873829, 0.372101, 0.0354243, 0.801484, 0.0328056, 0.597116, 0.0549018, 0.509573, 0.48512, -0.710632, 0.610963, 0, 0, 0, 1
221
-0.303035, 0.868369, 0.392558, 0.0373137, 0.819415, 0.0271191, 0.572559, 0.0556225, 0.486549, 0.495172, -0.719776, 0.606601, 0, 0, 0, 1
222
-0.278048, 0.878292, 0.38896, 0.038975, 0.833038, 0.0188674, 0.552894, 0.0572419, 0.478266, 0.477747, -0.7369, 0.608926, 0, 0, 0, 1
223
-0.257399, 0.872458, 0.415403, 0.0396306, 0.855615, 0.00599537, 0.517578, 0.0589595, 0.449077, 0.488648, -0.748035, 0.604397, 0, 0, 0, 1
224
-0.253068, 0.857976, 0.447025, 0.0413769, 0.868227, -0.00241884, 0.496161, 0.0596565, 0.426778, 0.51368, -0.74431, 0.598879, 0, 0, 0, 1
225
-0.227761, 0.861195, 0.454384, 0.043449, 0.885247, -0.0112145, 0.464988, 0.0618771, 0.405543, 0.508146, -0.75982, 0.601604, 0, 0, 0, 1
226
-0.186381, 0.867271, 0.461627, 0.0451213, 0.901509, -0.0358191, 0.431277, 0.0645129, 0.390571, 0.496541, -0.775181, 0.604128, 0, 0, 0, 1
227
-0.141166, 0.863465, 0.484249, 0.0472444, 0.921787, -0.0637661, 0.382418, 0.067428, 0.361085, 0.500357, -0.786934, 0.606239, 0, 0, 0, 1
228
-0.0913682, 0.855384, 0.50987, 0.0487915, 0.948855, -0.0805989, 0.305251, 0.0704845, 0.302203, 0.511681, -0.804276, 0.603739, 0, 0, 0, 1
229
-0.0680565, 0.84037, 0.537722, 0.0497185, 0.958836, -0.0938377, 0.268008, 0.0723243, 0.275685, 0.533825, -0.799395, 0.599563, 0, 0, 0, 1
230
-0.0566131, 0.841866, 0.536706, 0.0514314, 0.959604, -0.102509, 0.262016, 0.0742777, 0.2756, 0.529857, -0.80206, 0.596519, 0, 0, 0, 1
231
0.0201186, 0.849444, 0.527293, 0.0537371, 0.978733, -0.124424, 0.163099, 0.079224, 0.204151, 0.512795, -0.833887, 0.610666, 0, 0, 0, 1
232
0.0458928, 0.839147, 0.541964, 0.0538756, 0.983404, -0.13328, 0.123091, 0.0805441, 0.175524, 0.527319, -0.831342, 0.608074, 0, 0, 0, 1
233
0.0590298, 0.849121, 0.524888, 0.0553739, 0.982642, -0.14206, 0.119304, 0.0823865, 0.175869, 0.508732, -0.842773, 0.614205, 0, 0, 0, 1
234
0.0938214, 0.849132, 0.519779, 0.0562727, 0.984934, -0.155338, 0.0759844, 0.0839653, 0.145262, 0.504818, -0.850918, 0.619103, 0, 0, 0, 1
235
0.0890272, 0.85367, 0.513147, 0.0564577, 0.984403, -0.153897, 0.0852366, 0.0842203, 0.151735, 0.497553, -0.854062, 0.619963, 0, 0, 0, 1
236
0.112364, 0.845908, 0.521356, 0.055799, 0.987534, -0.153266, 0.0358412, 0.0849787, 0.110224, 0.510828, -0.85259, 0.620975, 0, 0, 0, 1
237
0.0706114, 0.856037, 0.512067, 0.055879, 0.985017, -0.140806, 0.0995613, 0.08416, 0.15733, 0.497363, -0.85316, 0.624441, 0, 0, 0, 1
238
0.0557892, 0.855999, 0.513957, 0.0540797, 0.984331, -0.133388, 0.115311, 0.0832637, 0.167262, 0.499469, -0.850035, 0.624969, 0, 0, 0, 1
239
0.0314282, 0.865518, 0.499887, 0.053015, 0.97975, -0.125622, 0.155909, 0.0818862, 0.197739, 0.484863, -0.851946, 0.626706, 0, 0, 0, 1
240
0.00471967, 0.875111, 0.483897, 0.0518096, 0.972544, -0.116606, 0.201393, 0.0809562, 0.232667, 0.469659, -0.85164, 0.626751, 0, 0, 0, 1
241
-0.0280868, 0.868445, 0.494986, 0.0494309, 0.963915, -0.107606, 0.243488, 0.0793978, 0.26472, 0.483962, -0.834091, 0.623803, 0, 0, 0, 1
242
-0.0250707, 0.872639, 0.487718, 0.0485306, 0.961945, -0.111725, 0.249351, 0.0797318, 0.272085, 0.475408, -0.836637, 0.627574, 0, 0, 0, 1
243
-0.0258153, 0.880923, 0.472552, 0.0475777, 0.959294, -0.111152, 0.259613, 0.0803818, 0.281225, 0.460017, -0.8422, 0.632846, 0, 0, 0, 1
244
-0.0659672, 0.88446, 0.461925, 0.0461567, 0.944686, -0.0936918, 0.314305, 0.079528, 0.32127, 0.457107, -0.829363, 0.627761, 0, 0, 0, 1
245
-0.0774795, 0.907533, 0.412766, 0.0460103, 0.923784, -0.09037, 0.372095, 0.0794572, 0.374992, 0.410135, -0.831369, 0.632163, 0, 0, 0, 1
246
-0.0810143, 0.907005, 0.41325, 0.0442383, 0.916614, -0.0950484, 0.388308, 0.0802391, 0.391478, 0.410248, -0.823679, 0.631149, 0, 0, 0, 1
247
-0.10896, 0.908797, 0.402757, 0.0421807, 0.903906, -0.0780066, 0.420556, 0.080311, 0.41362, 0.409877, -0.812973, 0.627427, 0, 0, 0, 1
248
-0.101459, 0.915433, 0.389468, 0.0413567, 0.908925, -0.0738513, 0.410366, 0.0813167, 0.404427, 0.395631, -0.824572, 0.630391, 0, 0, 0, 1
249
-0.123715, 0.912595, 0.389695, 0.0411679, 0.907764, -0.0545449, 0.415918, 0.0815008, 0.400823, 0.405205, -0.821678, 0.62704, 0, 0, 0, 1
250
-0.114847, 0.944759, 0.306981, 0.0412705, 0.884115, -0.0436893, 0.46522, 0.0818448, 0.452935, 0.324834, -0.830263, 0.637661, 0, 0, 0, 1
251
-0.121348, 0.946796, 0.298076, 0.0403937, 0.874136, -0.0403406, 0.484002, 0.0811739, 0.470278, 0.31929, -0.822738, 0.635108, 0, 0, 0, 1
252
-0.131216, 0.942757, 0.306574, 0.0401748, 0.868276, -0.0399461, 0.494469, 0.0809501, 0.478414, 0.331071, -0.813336, 0.633875, 0, 0, 0, 1
253
-0.113091, 0.948356, 0.296358, 0.0400684, 0.879257, -0.0433871, 0.474367, 0.0819283, 0.46273, 0.314219, -0.828946, 0.639756, 0, 0, 0, 1
254
-0.114619, 0.946814, 0.300671, 0.0400487, 0.878708, -0.0445548, 0.475275, 0.0815394, 0.463396, 0.318675, -0.826871, 0.636654, 0, 0, 0, 1
255
-0.115447, 0.942694, 0.313045, 0.0402044, 0.878471, -0.0502041, 0.475151, 0.0814753, 0.46364, 0.329854, -0.822338, 0.635637, 0, 0, 0, 1
256
-0.107603, 0.953788, 0.280549, 0.040081, 0.870652, -0.0458344, 0.489758, 0.0812646, 0.479986, 0.296958, -0.825491, 0.637729, 0, 0, 0, 1
257
-0.119715, 0.944702, 0.305291, 0.0401047, 0.87938, -0.0418317, 0.474279, 0.0815752, 0.460826, 0.325243, -0.82575, 0.639393, 0, 0, 0, 1
258
-0.106331, 0.937042, 0.332631, 0.0393435, 0.907163, -0.045549, 0.418305, 0.0818311, 0.407122, 0.346227, -0.845213, 0.63523, 0, 0, 0, 1
259
-0.108741, 0.949189, 0.295318, 0.0397012, 0.875309, -0.0493859, 0.481035, 0.0803838, 0.47118, 0.3108, -0.825468, 0.640161, 0, 0, 0, 1
260
-0.09721, 0.954927, 0.280466, 0.0395775, 0.877027, -0.051029, 0.477722, 0.0806684, 0.470504, 0.292414, -0.832541, 0.644276, 0, 0, 0, 1
261
-0.117688, 0.952137, 0.2821, 0.0396107, 0.873633, -0.0357903, 0.485267, 0.0800639, 0.472139, 0.30356, -0.827612, 0.645266, 0, 0, 0, 1
262
-0.12955, 0.960056, 0.248002, 0.0397076, 0.865174, -0.0127509, 0.501309, 0.0792028, 0.484449, 0.279507, -0.828969, 0.645853, 0, 0, 0, 1
263
-0.167411, 0.961381, 0.218442, 0.0394595, 0.852505, 0.0298757, 0.521863, 0.0778888, 0.495185, 0.273587, -0.824588, 0.643304, 0, 0, 0, 1
264
-0.209563, 0.953796, 0.215298, 0.0378979, 0.855146, 0.0720085, 0.51336, 0.076916, 0.47414, 0.29169, -0.83073, 0.634846, 0, 0, 0, 1
265
-0.22908, 0.955369, 0.186521, 0.0381364, 0.841372, 0.0979786, 0.531499, 0.0767794, 0.489506, 0.278687, -0.82627, 0.640592, 0, 0, 0, 1
266
-0.228202, 0.959358, 0.165992, 0.0382581, 0.848487, 0.11235, 0.517152, 0.0769371, 0.477488, 0.258855, -0.839645, 0.646936, 0, 0, 0, 1
267
-0.235408, 0.954807, 0.181452, 0.037455, 0.851621, 0.112686, 0.5119, 0.0764929, 0.468322, 0.275031, -0.839665, 0.644597, 0, 0, 0, 1
268
-0.228627, 0.953718, 0.195317, 0.0368295, 0.856993, 0.101991, 0.505133, 0.076463, 0.461837, 0.28287, -0.840652, 0.648257, 0, 0, 0, 1
269
-0.270448, 0.933395, 0.235857, 0.0357669, 0.839597, 0.108789, 0.532205, 0.0748032, 0.471102, 0.341957, -0.813101, 0.642017, 0, 0, 0, 1
270
-0.311644, 0.912084, 0.26642, 0.0331354, 0.840698, 0.133998, 0.524663, 0.0737875, 0.44284, 0.387485, -0.80855, 0.638803, 0, 0, 0, 1
271
-0.373049, 0.886822, 0.272725, 0.0303363, 0.826461, 0.184031, 0.532066, 0.073777, 0.421661, 0.423882, -0.80158, 0.638364, 0, 0, 0, 1
272
-0.410162, 0.87804, 0.246599, 0.029246, 0.816384, 0.232945, 0.528444, 0.0753475, 0.406554, 0.418066, -0.812367, 0.647666, 0, 0, 0, 1
273
-0.423933, 0.881788, 0.206706, 0.0286722, 0.804124, 0.261445, 0.533882, 0.0751357, 0.416732, 0.392546, -0.819907, 0.649248, 0, 0, 0, 1
274
-0.422384, 0.883577, 0.202191, 0.0284746, 0.806847, 0.264869, 0.528055, 0.07413, 0.413026, 0.386177, -0.824792, 0.644074, 0, 0, 0, 1
275
-0.416854, 0.889198, 0.188567, 0.0290829, 0.808741, 0.268121, 0.523498, 0.0751426, 0.414938, 0.370721, -0.830902, 0.647659, 0, 0, 0, 1
276
-0.426266, 0.882296, 0.19962, 0.0285222, 0.80175, 0.266295, 0.535055, 0.0749899, 0.418922, 0.388119, -0.820898, 0.648122, 0, 0, 0, 1
277
-0.435231, 0.873898, 0.216505, 0.0272969, 0.797677, 0.262788, 0.54282, 0.074397, 0.417478, 0.408951, -0.811466, 0.64567, 0, 0, 0, 1
278
-0.42759, 0.878989, 0.211051, 0.0282973, 0.801121, 0.26031, 0.538928, 0.0756676, 0.418777, 0.399516, -0.815487, 0.652672, 0, 0, 0, 1
279
-0.438527, 0.87157, 0.219217, 0.0283688, 0.792809, 0.260288, 0.551094, 0.0753526, 0.423261, 0.415465, -0.805136, 0.643167, 0, 0, 0, 1
280
-0.43451, 0.873239, 0.220572, 0.0284204, 0.798464, 0.260165, 0.542927, 0.0764301, 0.416723, 0.412024, -0.810299, 0.645105, 0, 0, 0, 1
281
-0.44263, 0.871355, 0.211696, 0.0287244, 0.789833, 0.267082, 0.552115, 0.0769981, 0.424552, 0.411585, -0.806449, 0.643198, 0, 0, 0, 1
282
-0.444212, 0.872976, 0.20146, 0.0295956, 0.786004, 0.271816, 0.55526, 0.0770111, 0.429972, 0.404999, -0.806911, 0.642644, 0, 0, 0, 1
283
-0.436206, 0.87848, 0.194922, 0.0299319, 0.794085, 0.273907, 0.54259, 0.0777515, 0.423268, 0.391463, -0.817072, 0.645562, 0, 0, 0, 1
284
-0.450517, 0.872355, 0.18981, 0.0302822, 0.780305, 0.281461, 0.558483, 0.0775994, 0.433775, 0.399714, -0.807511, 0.644648, 0, 0, 0, 1
285
-0.446378, 0.875062, 0.18711, 0.0300189, 0.783807, 0.281464, 0.553556, 0.0776855, 0.431735, 0.393752, -0.811524, 0.646512, 0, 0, 0, 1
286
-0.454254, 0.872717, 0.178929, 0.0302981, 0.77651, 0.289424, 0.559702, 0.0773829, 0.436679, 0.393184, -0.80915, 0.644621, 0, 0, 0, 1
287
