sub2
0
-0.939046, 0.33879, -0.0584306, -0.073099, 0.196483, 0.389406, -0.899865, 0.0898911, -0.282112, -0.856495, -0.432237, 0.609945, 0, 0, 0, 1
1
-0.953502, 0.299981, -0.029084, -0.0719271, 0.165183, 0.439437, -0.882955, 0.089911, -0.252089, -0.846703, -0.468556, 0.601157, 0, 0, 0, 1
2
-0.950061, 0.311029, -0.0253947, -0.0715903, 0.16604, 0.434922, -0.885028, 0.0899796, -0.264225, -0.845046, -0.464846, 0.599903, 0, 0, 0, 1
3
-0.954319, 0.29824, -0.0181301, -0.0717369, 0.155987, 0.445541, -0.881567, 0.0899501, -0.254841, -0.844124, -0.471709, 0.598984, 0, 0, 0, 1
4
-0.955552, 0.294247, -0.0184384, -0.0715197, 0.154825, 0.447597, -0.88073, 0.089667, -0.250899, -0.844438, -0.473259, 0.597042, 0, 0, 0, 1
5
-0.955079, 0.295553, -0.0217713, -0.0714157, 0.157536, 0.444103, -0.882017, 0.0895265, -0.251014, -0.845825, -0.470714, 0.596344, 0, 0, 0, 1
6
-0.955813, 0.293184, -0.0215635, -0.0714303, 0.157836, 0.449913, -0.879014, 0.0895351, -0.248011, -0.843577, -0.476308, 0.596181, 0, 0, 0, 1
7
-0.954883, 0.296343, -0.0194935, -0.0714208, 0.157418, 0.449391, -0.879356, 0.089568, -0.251831, -0.842751, -0.475765, 0.595631, 0, 0, 0, 1
8
-0.95465, 0.296884, -0.0224607, -0.0712563, 0.159172, 0.445162, -0.881189, 0.0894178, -0.251612, -0.844802, -0.472229, 0.595358, 0, 0, 0, 1
9
-0.954641, 0.297038, -0.0207467, -0.0711544, 0.158004, 0.446284, -0.880832, 0.0894639, -0.252381, -0.844157, -0.472973, 0.595057, 0, 0, 0, 1
10
-0.952871, 0.302817, -0.0184316, -0.071152, 0.159635, 0.448806, -0.879255, 0.089578, -0.25798, -0.840759, -0.475994, 0.595833, 0, 0, 0, 1
11
-0.957325, 0.288259, -0.0208981, -0.07102, 0.155474, 0.452685, -0.878011, 0.0894781, -0.243634, -0.843792, -0.478182, 0.594265, 0, 0, 0, 1
12
-0.955405, 0.294631, -0.0198767, -0.0712122, 0.158478, 0.454775, -0.876393, 0.0897059, -0.249173, -0.84046, -0.481186, 0.595741, 0, 0, 0, 1
13
-0.95563, 0.293625, -0.0235846, -0.0711092, 0.16012, 0.450581, -0.878259, 0.0895001, -0.247252, -0.843067, -0.477604, 0.59516, 0, 0, 0, 1
14
-0.956159, 0.291968, -0.0227265, -0.0710207, 0.159017, 0.452459, -0.877494, 0.0894521, -0.245917, -0.842637, -0.47905, 0.594489, 0, 0, 0, 1
15
-0.955712, 0.293462, -0.0222656, -0.0709128, 0.159083, 0.451467, -0.877992, 0.0894562, -0.247604, -0.84265, -0.478157, 0.594503, 0, 0, 0, 1
16
-0.95494, 0.296255, -0.0179734, -0.0710551, 0.158352, 0.457338, -0.875081, 0.0894265, -0.251027, -0.838497, -0.483642, 0.593975, 0, 0, 0, 1
17
-0.955688, 0.293485, -0.02298, -0.0710013, 0.160116, 0.452709, -0.877165, 0.0894333, -0.247031, -0.841975, -0.47964, 0.594523, 0, 0, 0, 1
18
-0.954146, 0.29838, -0.0240073, -0.0707967, 0.162533, 0.449048, -0.878601, 0.0892775, -0.251377, -0.842215, -0.476953, 0.593971, 0, 0, 0, 1
19
-0.956483, 0.291151, -0.019323, -0.0709088, 0.157469, 0.459293, -0.874216, 0.0893902, -0.245654, -0.839215, -0.485153, 0.593729, 0, 0, 0, 1
20
-0.954702, 0.296887, -0.0200713, -0.070896, 0.158196, 0.449266, -0.879281, 0.089322, -0.25203, -0.842627, -0.475881, 0.59376, 0, 0, 0, 1
21
-0.954252, 0.298369, -0.019522, -0.0710672, 0.159201, 0.451725, -0.877838, 0.089497, -0.253101, -0.840786, -0.47856, 0.594496, 0, 0, 0, 1
22
-0.956044, 0.292569, -0.0196193, -0.0709817, 0.15666, 0.453077, -0.877599, 0.089519, -0.247869, -0.842097, -0.478995, 0.594323, 0, 0, 0, 1
23
-0.955207, 0.294826, -0.0256535, -0.0707288, 0.16187, 0.447934, -0.879292, 0.0892831, -0.247747, -0.844059, -0.475592, 0.593367, 0, 0, 0, 1
24
-0.954991, 0.295964, -0.0199843, -0.0707597, 0.159374, 0.455103, -0.876061, 0.0893235, -0.250187, -0.839815, -0.481787, 0.593309, 0, 0, 0, 1
25
-0.956327, 0.291289, -0.0243001, -0.0707644, 0.158478, 0.446848, -0.880462, 0.0893077, -0.245609, -0.845861, -0.473495, 0.593116, 0, 0, 0, 1
26
-0.955177, 0.295508, -0.0176875, -0.0708286, 0.156983, 0.454953, -0.87657, 0.0894036, -0.250986, -0.840057, -0.480949, 0.593168, 0, 0, 0, 1
27
-0.955857, 0.293205, -0.0192341, -0.0708377, 0.157816, 0.457068, -0.87532, 0.0893533, -0.247856, -0.839716, -0.483163, 0.593139, 0, 0, 0, 1
28
-0.957355, 0.287852, -0.0247557, -0.0707476, 0.158724, 0.452423, -0.877566, 0.0894373, -0.241409, -0.844071, -0.478817, 0.593443, 0, 0, 0, 1
29
-0.957766, 0.286576, -0.0236446, -0.0707301, 0.158708, 0.458262, -0.874534, 0.0893839, -0.239784, -0.841351, -0.484389, 0.593231, 0, 0, 0, 1
30
-0.956833, 0.28974, -0.0228592, -0.0707708, 0.15909, 0.456305, -0.875487, 0.0894541, -0.243232, -0.841331, -0.482702, 0.593281, 0, 0, 0, 1
31
-0.957127, 0.288777, -0.0227485, -0.0707529, 0.159457, 0.459686, -0.873649, 0.089464, -0.241832, -0.83982, -0.486025, 0.593447, 0, 0, 0, 1
32
-0.958805, 0.283092, -0.0235198, -0.0707051, 0.15677, 0.458282, -0.874873, 0.0893887, -0.23689, -0.84252, -0.483782, 0.592996, 0, 0, 0, 1
33
-0.95613, 0.292069, -0.0226422, -0.0706249, 0.15939, 0.45382, -0.876723, 0.0894164, -0.245788, -0.84187, -0.480463, 0.593193, 0, 0, 0, 1
34
-0.957268, 0.288419, -0.0213016, -0.0707766, 0.157421, 0.457859, -0.874977, 0.0894542, -0.242607, -0.84094, -0.483696, 0.593518, 0, 0, 0, 1
35
-0.957426, 0.287769, -0.022942, -0.0706132, 0.158242, 0.45669, -0.87544, 0.0893478, -0.241446, -0.841799, -0.482783, 0.592952, 0, 0, 0, 1
36
-0.956534, 0.290797, -0.0219537, -0.0706518, 0.158374, 0.454784, -0.876407, 0.0892558, -0.244872, -0.84179, -0.48107, 0.5928, 0, 0, 0, 1
37
-0.956914, 0.289807, -0.0181571, -0.0707865, 0.156843, 0.463231, -0.872249, 0.0895391, -0.244372, -0.837514, -0.488726, 0.593559, 0, 0, 0, 1
38
-0.957652, 0.28726, -0.0196402, -0.0708775, 0.155825, 0.459704, -0.874295, 0.0894084, -0.242121, -0.84033, -0.484998, 0.593507, 0, 0, 0, 1
39
-0.957831, 0.286354, -0.0237455, -0.0707493, 0.159357, 0.460629, -0.873171, 0.0893783, -0.239098, -0.840133, -0.486836, 0.593301, 0, 0, 0, 1
40
-0.956308, 0.291564, -0.0216468, -0.070716, 0.160148, 0.460448, -0.873122, 0.0893194, -0.244604, -0.838438, -0.487023, 0.593116, 0, 0, 0, 1
41
-0.956969, 0.289534, -0.0195582, -0.0707102, 0.158334, 0.464466, -0.871323, 0.0893797, -0.243193, -0.836924, -0.490322, 0.593114, 0, 0, 0, 1
42
-0.956978, 0.289377, -0.0213786, -0.0706794, 0.157976, 0.457794, -0.874911, 0.0893518, -0.243391, -0.840647, -0.483812, 0.592847, 0, 0, 0, 1
43
-0.957506, 0.287532, -0.0225985, -0.07066, 0.15899, 0.460827, -0.873134, 0.089389, -0.240639, -0.839622, -0.486958, 0.593107, 0, 0, 0, 1
44
-0.958064, 0.285489, -0.0247447, -0.0706538, 0.158473, 0.455904, -0.875808, 0.08935, -0.238751, -0.843, -0.482027, 0.592661, 0, 0, 0, 1
45
-0.959094, 0.281951, -0.0253679, -0.0707223, 0.15723, 0.456026, -0.875969, 0.0894263, -0.235411, -0.844124, -0.481703, 0.592852, 0, 0, 0, 1
46
-0.961617, 0.272921, -0.0284165, -0.0707481, 0.156575, 0.460718, -0.873627, 0.0893423, -0.225339, -0.844544, -0.485767, 0.592465, 0, 0, 0, 1
47
-0.963519, 0.265725, -0.0319977, -0.0707222, 0.155135, 0.45706, -0.875803, 0.0894025, -0.218097, -0.848816, -0.481609, 0.592341, 0, 0, 0, 1
48
-0.961261, 0.274118, -0.0289636, -0.0708488, 0.155137, 0.451166, -0.878853, 0.0893297, -0.227842, -0.8493, -0.476214, 0.59249, 0, 0, 0, 1
49
-0.962471, 0.269581, -0.0312824, -0.0706558, 0.15743, 0.460704, -0.873481, 0.089454, -0.221062, -0.845624, -0.485854, 0.59317, 0, 0, 0, 1
50
-0.96281, 0.267836, -0.0355556, -0.0709473, 0.161801, 0.466175, -0.869772, 0.0895474, -0.216381, -0.843177, -0.492172, 0.593385, 0, 0, 0, 1
51
-0.963405, 0.265717, -0.035345, -0.0709519, 0.161313, 0.469393, -0.86813, 0.0892606, -0.214085, -0.842061, -0.495078, 0.59199, 0, 0, 0, 1
52
-0.961043, 0.273772, -0.0380585, -0.0709964, 0.167385, 0.466872, -0.86834, 0.0893144, -0.219958, -0.840882, -0.494508, 0.592884, 0, 0, 0, 1
53
-0.963831, 0.263892, -0.0373311, -0.0708219, 0.162385, 0.470388, -0.867391, 0.0894824, -0.211337, -0.84208, -0.496226, 0.593423, 0, 0, 0, 1
54
-0.962103, 0.270395, -0.0353059, -0.0708859, 0.166741, 0.480893, -0.860779, 0.0890265, -0.215772, -0.834045, -0.507754, 0.591172, 0, 0, 0, 1
55
-0.962515, 0.269439, -0.0311491, -0.0709489, 0.164996, 0.490492, -0.855684, 0.0891631, -0.215276, -0.828748, -0.516561, 0.591245, 0, 0, 0, 1
56
-0.960696, 0.274572, -0.0409385, -0.0701338, 0.175404, 0.486069, -0.856138, 0.0883602, -0.215172, -0.829669, -0.515124, 0.588288, 0, 0, 0, 1
57
-0.962479, 0.269041, -0.03542, -0.070556, 0.164312, 0.473925, -0.8651, 0.0889123, -0.21596, -0.83846, -0.500348, 0.590469, 0, 0, 0, 1
58
-0.96085, 0.275277, -0.0315148, -0.0703838, 0.165613, 0.479402, -0.861828, 0.0889577, -0.222133, -0.833306, -0.506222, 0.590754, 0, 0, 0, 1
59
-0.962758, 0.267194, -0.0413059, -0.0705437, 0.168492, 0.47346, -0.864551, 0.0889805, -0.211446, -0.839313, -0.500846, 0.590723, 0, 0, 0, 1
60
-0.961254, 0.271453, -0.0480274, -0.0699405, 0.179064, 0.482382, -0.857464, 0.0878646, -0.209593, -0.832841, -0.512298, 0.586376, 0, 0, 0, 1
61
-0.954244, 0.297765, -0.0275315, -0.0699136, 0.182224, 0.506023, -0.843052, 0.0880701, -0.2371, -0.809494, -0.537128, 0.587171, 0, 0, 0, 1
62
-0.959748, 0.279112, -0.0313728, -0.0702114, 0.17325, 0.500383, -0.848294, 0.0883956, -0.22107, -0.819583, -0.528596, 0.588866, 0, 0, 0, 1
63
-0.960924, 0.274515, -0.0356384, -0.069992, 0.171917, 0.490906, -0.854082, 0.0883284, -0.216963, -0.826834, -0.518916, 0.588671, 0, 0, 0, 1
64
-0.962199, 0.270065, -0.0352389, -0.0701079, 0.171812, 0.501498, -0.847928, 0.0878301, -0.211323, -0.821929, -0.52894, 0.587098, 0, 0, 0, 1
65
-0.957214, 0.287954, -0.0287735, -0.0700476, 0.173905, 0.492907, -0.852526, 0.0881007, -0.231305, -0.821053, -0.521892, 0.587539, 0, 0, 0, 1
66
-0.957834, 0.285838, -0.0292473, -0.0703722, 0.171882, 0.488434, -0.855506, 0.0885791, -0.23025, -0.824459, -0.516967, 0.589757, 0, 0, 0, 1
67
-0.956483, 0.290044, -0.0319125, -0.0710892, 0.175961, 0.486086, -0.856015, 0.0889858, -0.232769, -0.824378, -0.515967, 0.591905, 0, 0, 0, 1
68
-0.95778, 0.285348, -0.0351968, -0.0710586, 0.175518, 0.483343, -0.857657, 0.0878629, -0.227718, -0.827623, -0.513018, 0.590562, 0, 0, 0, 1
69
-0.950693, 0.307631, -0.0393881, -0.0716866, 0.196643, 0.49969, -0.84359, 0.0870043, -0.239832, -0.80974, -0.535542, 0.594105, 0, 0, 0, 1
70
-0.956959, 0.285925, -0.0498179, -0.072327, 0.200577, 0.527471, -0.825558, 0.0850849, -0.209769, -0.800017, -0.562115, 0.593649, 0, 0, 0, 1
71
-0.952627, 0.300237, -0.0486158, -0.0731696, 0.207923, 0.526208, -0.824546, 0.0817659, -0.221977, -0.795593, -0.563703, 0.594796, 0, 0, 0, 1
72
-0.943507, 0.328491, -0.0435049, -0.0738705, 0.215127, 0.507388, -0.834435, 0.0761773, -0.25203, -0.796653, -0.549389, 0.592451, 0, 0, 0, 1
73
-0.944544, 0.326889, -0.0313823, -0.0751012, 0.211336, 0.531932, -0.819993, 0.0720755, -0.251353, -0.78115, -0.571514, 0.592621, 0, 0, 0, 1
74
-0.919953, 0.391571, -0.0190437, -0.0762491, 0.250137, 0.548877, -0.797601, 0.066684, -0.301865, -0.738518, -0.602885, 0.594695, 0, 0, 0, 1
75
-0.913475, 0.40641, -0.0199628, -0.0772354, 0.263602, 0.55369, -0.789901, 0.0604638, -0.309969, -0.726816, -0.612911, 0.591269, 0, 0, 0, 1
76
-0.911489, 0.411169, -0.0115178, -0.0784838, 0.263337, 0.561804, -0.78424, 0.0547178, -0.315983, -0.717858, -0.620352, 0.588188, 0, 0, 0, 1
77
-0.906892, 0.421367, -0.000965347, -0.0797658, 0.262377, 0.562907, -0.783771, 0.0482066, -0.329711, -0.711047, -0.621051, 0.584975, 0, 0, 0, 1
78
-0.868299, 0.49495, 0.0329437, -0.08003, 0.267609, 0.52332, -0.809027, 0.0413382, -0.417666, -0.69366, -0.58685, 0.574613, 0, 0, 0, 1
79
-0.878515, 0.475591, 0.0450382, -0.0806994, 0.262959, 0.560132, -0.785562, 0.0348606, -0.398832, -0.678283, -0.617144, 0.574031, 0, 0, 0, 1
80
-0.909964, 0.412317, 0.0443088, -0.0814934, 0.228037, 0.586765, -0.776987, 0.0280173, -0.346363, -0.696925, -0.627957, 0.57086, 0, 0, 0, 1
81
-0.871642, 0.486034, 0.0633724, -0.0807099, 0.25837, 0.565479, -0.78325, 0.0212429, -0.416521, -0.666338, -0.61847, 0.564934, 0, 0, 0, 1
82
-0.874731, 0.478446, 0.0770703, -0.0807746, 0.249951, 0.581669, -0.774072, 0.0143768, -0.415181, -0.657839, -0.62839, 0.557918, 0, 0, 0, 1
83
-0.889558, 0.44998, 0.0787941, -0.0811523, 0.21305, 0.56122, -0.799777, 0.00819395, -0.404104, -0.694659, -0.595104, 0.555344, 0, 0, 0, 1
84
-0.876907, 0.46851, 0.107406, -0.0809327, 0.221674, 0.592459, -0.774503, 0.00210715, -0.426495, -0.655356, -0.623387, 0.550548, 0, 0, 0, 1
85
-0.88013, 0.455135, 0.135008, -0.0809355, 0.213385, 0.633304, -0.743904, -0.00433922, -0.424078, -0.625922, -0.654507, 0.546467, 0, 0, 0, 1
86
-0.872531, 0.454312, 0.179706, -0.0809701, 0.18897, 0.653023, -0.733385, -0.0102004, -0.450537, -0.60594, -0.655632, 0.54077, 0, 0, 0, 1
87
-0.871166, 0.450731, 0.19472, -0.0799788, 0.17938, 0.661344, -0.728319, -0.0152594, -0.457052, -0.599557, -0.65699, 0.533888, 0, 0, 0, 1
88
-0.857724, 0.46474, 0.219845, -0.0799716, 0.171848, 0.662189, -0.729367, -0.0198621, -0.484544, -0.587814, -0.647837, 0.533588, 0, 0, 0, 1
89
-0.876495, 0.425787, 0.22465, -0.0779886, 0.155338, 0.69182, -0.705166, -0.0241126, -0.455666, -0.583175, -0.672515, 0.524571, 0, 0, 0, 1
90
-0.869444, 0.42699, 0.248498, -0.0776267, 0.159159, 0.718268, -0.677321, -0.0286593, -0.467696, -0.54934, -0.692451, 0.518242, 0, 0, 0, 1
91
-0.857096, 0.427534, 0.287413, -0.0775431, 0.141977, 0.732337, -0.665979, -0.0322634, -0.49521, -0.530001, -0.68838, 0.516595, 0, 0, 0, 1
92
-0.857124, 0.417238, 0.302085, -0.0762559, 0.139204, 0.75224, -0.644019, -0.0354042, -0.495948, -0.509951, -0.702843, 0.513137, 0, 0, 0, 1
93
-0.860615, 0.389128, 0.32852, -0.0756387, 0.110721, 0.772635, -0.625124, -0.0373313, -0.497078, -0.501616, -0.708024, 0.511598, 0, 0, 0, 1
94
-0.849451, 0.385169, 0.360669, -0.0753782, 0.113861, 0.801204, -0.587462, -0.0395057, -0.515239, -0.457953, -0.724438, 0.508269, 0, 0, 0, 1
95
-0.836577, 0.378463, 0.396117, -0.0760249, 0.101368, 0.817482, -0.566967, -0.0407974, -0.538393, -0.434156, -0.722249, 0.511197, 0, 0, 0, 1
96
-0.829695, 0.358146, 0.428185, -0.0759999, 0.0846846, 0.838931, -0.537613, -0.0417955, -0.55176, -0.409792, -0.726385, 0.510693, 0, 0, 0, 1
97
-0.789917, 0.383226, 0.47872, -0.0764735, 0.0780576, 0.83716, -0.541365, -0.0431264, -0.608228, -0.390264, -0.691199, 0.510735, 0, 0, 0, 1
98
-0.791826, 0.355391, 0.496703, -0.076502, 0.0572641, 0.852886, -0.518952, -0.0441646, -0.608059, -0.382475, -0.695687, 0.514651, 0, 0, 0, 1
99
-0.775535, 0.320785, 0.543734, -0.0764064, 0.0138139, 0.8697, -0.493392, -0.0449976, -0.631155, -0.37513, -0.678913, 0.521164, 0, 0, 0, 1
100
-0.749888, 0.333069, 0.57161, -0.0755329, 0.0126746, 0.871099, -0.490949, -0.0459282, -0.661446, -0.36091, -0.657447, 0.524183, 0, 0, 0, 1
101
-0.630054, 0.384153, 0.67488, -0.0737934, -0.0211067, 0.86028, -0.50939, -0.0462004, -0.776266, -0.335186, -0.533914, 0.526675, 0, 0, 0, 1
102
-0.616718, 0.35816, 0.700989, -0.0720544, -0.0802627, 0.857249, -0.508612, -0.0464364, -0.783084, -0.369932, -0.499933, 0.525919, 0, 0, 0, 1
103
-0.565299, 0.380004, 0.732147, -0.070408, -0.0628017, 0.86517, -0.497536, -0.0463891, -0.822494, -0.327235, -0.465214, 0.526014, 0, 0, 0, 1
104
-0.538589, 0.371658, 0.756172, -0.0691921, -0.0621693, 0.877485, -0.475563, -0.0462153, -0.840273, -0.303143, -0.449498, 0.526441, 0, 0, 0, 1
105
-0.548677, 0.343601, 0.762165, -0.0680942, -0.076452, 0.887202, -0.455008, -0.0458118, -0.832533, -0.30792, -0.460518, 0.531054, 0, 0, 0, 1
106
-0.513014, 0.353095, 0.782397, -0.0667092, -0.0879075, 0.885076, -0.457075, -0.0453451, -0.853869, -0.303263, -0.423016, 0.531135, 0, 0, 0, 1
107
-0.505703, 0.341992, 0.79203, -0.06548, -0.0942596, 0.890674, -0.444769, -0.045011, -0.857544, -0.299576, -0.41818, 0.532325, 0, 0, 0, 1
108
-0.500465, 0.36201, 0.786441, -0.0642371, -0.0873993, 0.882618, -0.4619, -0.0447558, -0.861336, -0.299897, -0.410079, 0.532056, 0, 0, 0, 1
109
-0.518334, 0.349528, 0.78049, -0.06322, -0.0857187, 0.886832, -0.454078, -0.0450315, -0.850873, -0.302265, -0.429713, 0.533664, 0, 0, 0, 1
110
-0.538165, 0.366399, 0.759036, -0.0619859, -0.0848717, 0.872434, -0.481313, -0.0451373, -0.838558, -0.323445, -0.438415, 0.532535, 0, 0, 0, 1
111
-0.555445, 0.395612, 0.731422, -0.06103, -0.0691854, 0.854548, -0.514749, -0.0452472, -0.828672, -0.336517, -0.447283, 0.530424, 0, 0, 0, 1
112
-0.607114, 0.404476, 0.683972, -0.0602367, -0.0788231, 0.825857, -0.558348, -0.045244, -0.790698, -0.392892, -0.469506, 0.529596, 0, 0, 0, 1
113
-0.625261, 0.455219, 0.6339, -0.0598153, -0.030227, 0.797523, -0.602536, -0.0455775, -0.779832, -0.395901, -0.4849, 0.527008, 0, 0, 0, 1
114
-0.67949, 0.488278, 0.547616, -0.0589893, 0.0006768, 0.746806, -0.665045, -0.045701, -0.733687, -0.451519, -0.507777, 0.526103, 0, 0, 0, 1
115
-0.716002, 0.526909, 0.457946, -0.0583125, 0.0535293, 0.695495, -0.716538, -0.0460993, -0.696046, -0.488527, -0.526179, 0.521058, 0, 0, 0, 1
116
-0.750154, 0.556471, 0.357231, -0.0587653, 0.124336, 0.649284, -0.750317, -0.0474235, -0.649471, -0.518435, -0.556252, 0.520063, 0, 0, 0, 1
117
-0.782152, 0.56416, 0.264514, -0.0584566, 0.210024, 0.638379, -0.740518, -0.0481052, -0.586628, -0.523641, -0.617795, 0.510449, 0, 0, 0, 1
118
-0.827117, 0.537314, 0.164854, -0.0587249, 0.253104, 0.617988, -0.744335, -0.0475678, -0.501816, -0.573925, -0.647143, 0.513085, 0, 0, 0, 1
119
-0.853597, 0.517761, 0.0574657, -0.0596588, 0.304522, 0.585437, -0.751356, -0.0477289, -0.422662, -0.623853, -0.657394, 0.513806, 0, 0, 0, 1
120
-0.850076, 0.525733, -0.0313346, -0.0603313, 0.354525, 0.527217, -0.772243, -0.0479483, -0.389471, -0.667571, -0.634558, 0.510227, 0, 0, 0, 1
121
-0.835808, 0.53949, -0.101889, -0.0612807, 0.386965, 0.44721, -0.806391, -0.047852, -0.389472, -0.713413, -0.582544, 0.511331, 0, 0, 0, 1
122
-0.823891, 0.538715, -0.176056, -0.0619064, 0.420506, 0.372782, -0.827173, -0.0478527, -0.379977, -0.75553, -0.533663, 0.516948, 0, 0, 0, 1
123
-0.773753, 0.5728, -0.27058, -0.0610869, 0.484277, 0.259472, -0.835558, -0.04857, -0.408397, -0.777548, -0.478159, 0.511354, 0, 0, 0, 1
124
-0.763693, 0.560796, -0.319824, -0.0598903, 0.487215, 0.175628, -0.855443, -0.0482618, -0.423555, -0.809116, -0.407353, 0.512644, 0, 0, 0, 1
125
-0.755541, 0.548999, -0.357441, -0.0590763, 0.506261, 0.143023, -0.850441, -0.048531, -0.415766, -0.823499, -0.385995, 0.515495, 0, 0, 0, 1
126
-0.741275, 0.555907, -0.376143, -0.0575097, 0.518803, 0.11898, -0.846578, -0.0484594, -0.425862, -0.822689, -0.376602, 0.51549, 0, 0, 0, 1
127
-0.749704, 0.533446, -0.391643, -0.0567547, 0.527864, 0.125103, -0.840068, -0.0482853, -0.399132, -0.836535, -0.375376, 0.518432, 0, 0, 0, 1
128
-0.737751, 0.539362, -0.405979, -0.0556912, 0.538956, 0.108444, -0.835328, -0.0479537, -0.406514, -0.835066, -0.370696, 0.518952, 0, 0, 0, 1
129
-0.719067, 0.545213, -0.43092, -0.0549378, 0.561135, 0.0897101, -0.822852, -0.0478215, -0.409968, -0.833488, -0.370444, 0.519217, 0, 0, 0, 1
130
-0.696658, 0.561831, -0.446117, -0.0547999, 0.585892, 0.0867029, -0.805741, -0.0473663, -0.414007, -0.822701, -0.389573, 0.519148, 0, 0, 0, 1
131
-0.685992, 0.542643, -0.484727, -0.0545181, 0.617834, 0.0825368, -0.781969, -0.0476142, -0.384319, -0.835903, -0.391881, 0.522689, 0, 0, 0, 1
132
-0.634563, 0.548481, -0.544522, -0.0549724, 0.666728, 0.0321313, -0.744613, -0.0469521, -0.390906, -0.83555, -0.386075, 0.519681, 0, 0, 0, 1
133
-0.585651, 0.547801, -0.59744, -0.0552057, 0.7081, -0.0129446, -0.705998, -0.0462328, -0.394477, -0.836514, -0.380315, 0.516703, 0, 0, 0, 1
134
-0.539126, 0.550484, -0.63743, -0.0559727, 0.741901, -0.0478438, -0.668805, -0.0458332, -0.39866, -0.833479, -0.382608, 0.514841, 0, 0, 0, 1
135
-0.484412, 0.529908, -0.696095, -0.0573163, 0.792244, -0.0717868, -0.605972, -0.045251, -0.371076, -0.845017, -0.385039, 0.515679, 0, 0, 0, 1
136
-0.409388, 0.505528, -0.759505, -0.0584815, 0.830018, -0.139245, -0.540079, -0.0444183, -0.378779, -0.851505, -0.36259, 0.513567, 0, 0, 0, 1
137
-0.342362, 0.444341, -0.827862, -0.0594557, 0.876097, -0.167385, -0.452152, -0.0445143, -0.339478, -0.880087, -0.331976, 0.51427, 0, 0, 0, 1
138
-0.246138, 0.40307, -0.881452, -0.0604208, 0.921302, -0.185164, -0.341939, -0.0446994, -0.301036, -0.896247, -0.325769, 0.515501, 0, 0, 0, 1
139
-0.182234, 0.374073, -0.909322, -0.0617722, 0.955841, -0.14947, -0.253046, -0.0433478, -0.230572, -0.91528, -0.330312, 0.517262, 0, 0, 0, 1
140
-0.138235, 0.372614, -0.917636, -0.0630106, 0.974072, -0.116407, -0.194006, -0.0414296, -0.179107, -0.920661, -0.346857, 0.521173, 0, 0, 0, 1
141
-0.0885076, 0.374292, -0.923081, -0.064353, 0.980842, -0.128718, -0.14624, -0.0388559, -0.173552, -0.918339, -0.355724, 0.523535, 0, 0, 0, 1
142
-0.0211284, 0.381681, -0.924056, -0.0654798, 0.986526, -0.142034, -0.0812248, -0.035999, -0.162248, -0.913321, -0.373533, 0.529327, 0, 0, 0, 1
143
0.0421772, 0.375761, -0.92576, -0.0654324, 0.99452, -0.104526, 0.00288234, -0.0330361, -0.0956821, -0.920809, -0.378106, 0.531157, 0, 0, 0, 1
144
0.108433, 0.376496, -0.920054, -0.0659327, 0.991558, -0.10718, 0.0729998, -0.0288363, -0.0711262, -0.920203, -0.384935, 0.537279, 0, 0, 0, 1
145
0.136792, 0.381867, -0.914042, -0.0658341, 0.989744, -0.091094, 0.110063, -0.0247166, -0.0412337, -0.919723, -0.390406, 0.540376, 0, 0, 0, 1
146
0.158375, 0.396504, -0.904272, -0.0653287, 0.987354, -0.0567855, 0.148026, -0.0209597, 0.00734386, -0.916281, -0.400478, 0.543963, 0, 0, 0, 1
147
0.177486, 0.408073, -0.895534, -0.0646788, 0.98214, -0.015658, 0.187514, -0.0179376, 0.0624973, -0.912821, -0.403558, 0.548205, 0, 0, 0, 1
148
0.198216, 0.40673, -0.891789, -0.0643179, 0.97481, 0.0131408, 0.222661, -0.0155651, 0.102282, -0.913459, -0.393875, 0.548346, 0, 0, 0, 1
149
0.220373, 0.420547, -0.880104, -0.0644415, 0.967965, 0.0170451, 0.250516, -0.013573, 0.120355, -0.907117, -0.403313, 0.551884, 0, 0, 0, 1
150
0.229059, 0.436, -0.870312, -0.0649176, 0.96096, 0.0412835, 0.273598, -0.0113406, 0.155218, -0.899006, -0.409517, 0.558267, 0, 0, 0, 1
151
0.211251, 0.457633, -0.863685, -0.0657255, 0.960773, 0.0652342, 0.269562, -0.0100437, 0.179702, -0.886751, -0.425895, 0.559394, 0, 0, 0, 1
152
0.162645, 0.477937, -0.863209, -0.0660874, 0.967525, 0.0943264, 0.234525, -0.00901747, 0.193512, -0.873322, -0.447069, 0.562297, 0, 0, 0, 1
153
0.136309, 0.505126, -0.852217, -0.0672033, 0.967991, 0.115103, 0.223049, -0.00900325, 0.210761, -0.855342, -0.473262, 0.564507, 0, 0, 0, 1
154
0.0699312, 0.520093, -0.851246, -0.0681999, 0.97523, 0.14388, 0.168023, -0.00895354, 0.209866, -0.84191, -0.497143, 0.560324, 0, 0, 0, 1
155
0.0132255, 0.563158, -0.826247, -0.0699895, 0.989237, 0.113071, 0.0929008, -0.010137, 0.145744, -0.818583, -0.555596, 0.559179, 0, 0, 0, 1
156
-0.0384785, 0.568849, -0.821545, -0.0716331, 0.983089, 0.168872, 0.070883, -0.0104982, 0.179059, -0.804925, -0.565722, 0.553278, 0, 0, 0, 1
157
-0.115023, 0.590182, -0.799038, -0.0733736, 0.976332, 0.21549, 0.0186178, -0.0108945, 0.183174, -0.777985, -0.600994, 0.546891, 0, 0, 0, 1
158
-0.247147, 0.576733, -0.778655, -0.0749991, 0.95838, 0.264034, -0.10863, -0.0115501, 0.142943, -0.773095, -0.61798, 0.538059, 0, 0, 0, 1
159
-0.340299, 0.566966, -0.750168, -0.0769717, 0.930066, 0.32044, -0.179724, -0.0125516, 0.138489, -0.758867, -0.636357, 0.531686, 0, 0, 0, 1
160
-0.421636, 0.587412, -0.690781, -0.078987, 0.906251, 0.298722, -0.299134, -0.0147906, 0.0306404, -0.752146, -0.658289, 0.526847, 0, 0, 0, 1
161
-0.520796, 0.552021, -0.651193, -0.0814002, 0.853578, 0.324684, -0.40742, -0.0173029, -0.0134681, -0.768027, -0.640282, 0.523544, 0, 0, 0, 1
162
-0.580833, 0.536505, -0.612212, -0.082807, 0.811138, 0.318149, -0.490757, -0.0188227, -0.0685145, -0.781636, -0.619967, 0.518929, 0, 0, 0, 1
163
-0.622895, 0.538986, -0.567013, -0.0839745, 0.775294, 0.328455, -0.539484, -0.0207023, -0.104532, -0.775643, -0.622461, 0.516379, 0, 0, 0, 1
164
-0.646277, 0.568642, -0.508902, -0.0845515, 0.743956, 0.32103, -0.586069, -0.0220526, -0.169886, -0.757363, -0.630514, 0.513493, 0, 0, 0, 1
165
-0.675047, 0.528865, -0.514414, -0.0837737, 0.713634, 0.291142, -0.637157, -0.0230177, -0.187197, -0.797215, -0.573946, 0.511431, 0, 0, 0, 1
166
-0.698022, 0.535266, -0.475672, -0.0836899, 0.680569, 0.289301, -0.673155, -0.0239823, -0.222699, -0.793604, -0.56622, 0.51208, 0, 0, 0, 1
167
-0.720095, 0.534305, -0.442708, -0.0829219, 0.645589, 0.282041, -0.709701, -0.0248054, -0.254329, -0.796859, -0.548034, 0.511721, 0, 0, 0, 1
168
-0.746712, 0.540489, -0.387687, -0.0825333, 0.595182, 0.282714, -0.752223, -0.0251511, -0.296957, -0.792438, -0.532792, 0.512322, 0, 0, 0, 1
169
-0.759247, 0.57583, -0.30327, -0.0807186, 0.53452, 0.285905, -0.795333, -0.0253678, -0.371264, -0.765958, -0.524862, 0.508641, 0, 0, 0, 1
170
-0.778128, 0.579658, -0.241913, -0.0795967, 0.483976, 0.307821, -0.819159, -0.0254789, -0.400359, -0.75449, -0.520063, 0.511069, 0, 0, 0, 1
171
-0.794198, 0.578911, -0.184717, -0.0785177, 0.432639, 0.325232, -0.840866, -0.0257406, -0.426704, -0.74773, -0.508756, 0.511348, 0, 0, 0, 1
172
-0.805252, 0.580719, -0.11977, -0.0771502, 0.369757, 0.333898, -0.867064, -0.0252988, -0.463522, -0.74249, -0.483595, 0.511449, 0, 0, 0, 1
173
-0.804637, 0.590581, -0.0615018, -0.0764789, 0.33477, 0.365671, -0.868459, -0.0251824, -0.490399, -0.719384, -0.49194, 0.51388, 0, 0, 0, 1
174
-0.806363, 0.59106, -0.0208641, -0.0753151, 0.31015, 0.392565, -0.865856, -0.0249982, -0.503575, -0.704666, -0.499867, 0.511407, 0, 0, 0, 1
175
-0.778155, 0.628044, 0.00655735, -0.0745755, 0.282262, 0.359016, -0.889631, -0.0248518, -0.561075, -0.690421, -0.456642, 0.509839, 0, 0, 0, 1
176
-0.770126, 0.637555, 0.0209421, -0.0749381, 0.268303, 0.35353, -0.896124, -0.0248624, -0.578725, -0.68451, -0.44332, 0.509546, 0, 0, 0, 1
177
-0.777674, 0.627975, 0.0296237, -0.0753305, 0.26363, 0.36853, -0.891456, -0.0249484, -0.570722, -0.685454, -0.452149, 0.511319, 0, 0, 0, 1
178
-0.775731, 0.629623, 0.0427203, -0.0759722, 0.245766, 0.363762, -0.898491, -0.0251654, -0.581243, -0.686488, -0.436921, 0.510159, 0, 0, 0, 1
179
-0.774679, 0.628201, 0.0724156, -0.0768751, 0.219526, 0.374559, -0.900846, -0.0256747, -0.593029, -0.68197, -0.42807, 0.510434, 0, 0, 0, 1
180
-0.783363, 0.613874, 0.0975184, -0.0776885, 0.191497, 0.387615, -0.901717, -0.0263236, -0.591333, -0.687697, -0.421198, 0.510528, 0, 0, 0, 1
181
-0.786559, 0.606516, 0.116067, -0.0783171, 0.159255, 0.380833, -0.910832, -0.0266062, -0.596629, -0.697938, -0.396139, 0.510157, 0, 0, 0, 1
182
-0.788133, 0.58859, 0.180043, -0.0792762, 0.111959, 0.424721, -0.89838, -0.0269245, -0.605239, -0.687885, -0.400636, 0.513411, 0, 0, 0, 1
183
-0.827864, 0.529269, 0.185805, -0.0801004, 0.113041, 0.481863, -0.868931, -0.0274483, -0.549424, -0.698351, -0.458747, 0.519147, 0, 0, 0, 1
184
-0.820424, 0.515958, 0.246372, -0.0815594, 0.0899108, 0.541963, -0.835585, -0.0277666, -0.564645, -0.663381, -0.49103, 0.5234, 0, 0, 0, 1
185
-0.813905, 0.492093, 0.308886, -0.0816601, 0.0580848, 0.597898, -0.799472, -0.0280713, -0.57809, -0.632751, -0.515216, 0.525413, 0, 0, 0, 1
186
-0.812064, 0.475826, 0.337861, -0.0817506, 0.0589425, 0.64287, -0.763711, -0.0269805, -0.580588, -0.600266, -0.550098, 0.526767, 0, 0, 0, 1
187
-0.800865, 0.471029, 0.369803, -0.0823353, 0.0634206, 0.680763, -0.72976, -0.0272131, -0.59548, -0.560985, -0.575073, 0.52806, 0, 0, 0, 1
188
-0.776365, 0.458276, 0.432723, -0.0818879, 0.041755, 0.722437, -0.690183, -0.0273758, -0.628902, -0.517764, -0.580011, 0.524227, 0, 0, 0, 1
189
-0.770363, 0.438503, 0.462885, -0.0817801, 0.0378018, 0.756106, -0.653365, -0.027082, -0.636486, -0.485829, -0.599054, 0.525908, 0, 0, 0, 1
190
-0.762831, 0.399488, 0.508435, -0.0822544, 0.00600479, 0.790663, -0.612231, -0.0269377, -0.646573, -0.463973, -0.605543, 0.527635, 0, 0, 0, 1
191
-0.744742, 0.355797, 0.564602, -0.083251, -0.0192034, 0.834254, -0.551055, -0.0272723, -0.667079, -0.421234, -0.614474, 0.52776, 0, 0, 0, 1
192
-0.706285, 0.327742, 0.627498, -0.0845678, -0.0389763, 0.867039, -0.496724, -0.0274858, -0.706856, -0.375284, -0.599604, 0.53006, 0, 0, 0, 1
193
-0.644181, 0.299539, 0.703786, -0.0830196, -0.0891299, 0.884468, -0.458021, -0.0263642, -0.759665, -0.357775, -0.543062, 0.521716, 0, 0, 0, 1
194
-0.632969, 0.265657, 0.727176, -0.0836699, -0.103508, 0.901815, -0.419555, -0.0262232, -0.76723, -0.340832, -0.543325, 0.521467, 0, 0, 0, 1
195
-0.61094, 0.248791, 0.751574, -0.0841701, -0.0803011, 0.924973, -0.371466, -0.0264827, -0.787597, -0.287294, -0.545127, 0.521285, 0, 0, 0, 1
196
-0.567763, 0.24985, 0.784365, -0.0831536, -0.104038, 0.923414, -0.36945, -0.0252251, -0.816594, -0.291361, -0.49829, 0.516872, 0, 0, 0, 1
197
-0.558474, 0.225891, 0.798177, -0.0831633, -0.10257, 0.936026, -0.336669, -0.0247787, -0.823159, -0.269888, -0.49958, 0.51584, 0, 0, 0, 1
198
-0.543238, 0.202419, 0.814817, -0.0824688, -0.106722, 0.945986, -0.306156, -0.0238677, -0.832771, -0.253272, -0.492296, 0.514058, 0, 0, 0, 1
199
-0.541075, 0.185762, 0.820207, -0.0824863, -0.077948, 0.960029, -0.26885, -0.0226033, -0.837357, -0.209399, -0.50497, 0.517158, 0, 0, 0, 1
200
-0.521322, 0.190741, 0.831775, -0.0817806, -0.0469752, 0.966813, -0.25115, -0.0212845, -0.852069, -0.170001, -0.495063, 0.519588, 0, 0, 0, 1
201
-0.546453, 0.182349, 0.817402, -0.0813674, -0.00352136, 0.975505, -0.219973, -0.0196586, -0.837485, -0.123082, -0.532429, 0.524063, 0, 0, 0, 1
202
-0.559026, 0.231341, 0.796228, -0.0805416, 0.0950858, 0.971845, -0.215606, -0.0177548, -0.823682, -0.0448184, -0.565287, 0.52695, 0, 0, 0, 1
203
-0.559728, 0.253385, 0.788992, -0.0798485, 0.161662, 0.967206, -0.195932, -0.0164145, -0.812756, 0.0178822, -0.582337, 0.52769, 0, 0, 0, 1
204
-0.601994, 0.28412, 0.746248, -0.0783812, 0.226074, 0.956968, -0.181974, -0.0147889, -0.76583, 0.0591608, -0.640323, 0.533188, 0, 0, 0, 1
205
-0.61895, 0.32869, 0.713352, -0.0761973, 0.286186, 0.940174, -0.184888, -0.0130977, -0.731437, 0.0897151, -0.675988, 0.540213, 0, 0, 0, 1
206
-0.648676, 0.383652, 0.657296, -0.0740736, 0.35235, 0.916909, -0.187454, -0.0122276, -0.67459, 0.11, -0.729957, 0.543031, 0, 0, 0, 1
207
-0.67983, 0.450865, 0.578411, -0.0712204, 0.407882, 0.887915, -0.21272, -0.0106043, -0.60948, 0.0913093, -0.787531, 0.549099, 0, 0, 0, 1
208
-0.692502, 0.5263, 0.493414, -0.0684787, 0.474359, 0.847494, -0.238219, -0.00960589, -0.543532, 0.0690864, -0.836546, 0.548361, 0, 0, 0, 1
209
-0.686166, 0.597514, 0.414923, -0.066326, 0.533598, 0.801087, -0.271192, -0.00913094, -0.494423, 0.035318, -0.868509, 0.55289, 0, 0, 0, 1
210
-0.698267, 0.651729, 0.29611, -0.0638312, 0.577159, 0.757265, -0.305696, -0.00902465, -0.423457, -0.0425571, -0.904921, 0.553033, 0, 0, 0, 1
211
-0.628974, 0.730121, 0.267064, -0.0649781, 0.655187, 0.682733, -0.323446, -0.0102191, -0.418481, -0.0284654, -0.907785, 0.55146, 0, 0, 0, 1
212
-0.533946, 0.813263, 0.23133, -0.0664947, 0.735745, 0.581711, -0.346849, -0.0117166, -0.41664, -0.0150023, -0.908953, 0.534748, 0, 0, 0, 1
213
-0.439938, 0.876902, 0.193663, -0.0679637, 0.793929, 0.480572, -0.372478, -0.0128732, -0.41969, -0.0101162, -0.907616, 0.527284, 0, 0, 0, 1
214
-0.438897, 0.894268, 0.0875374, -0.0679122, 0.793969, 0.431587, -0.428204, -0.0119646, -0.420703, -0.118439, -0.899439, 0.529154, 0, 0, 0, 1
215
-0.545401, 0.804158, -0.236381, -0.0593958, 0.816675, 0.446361, -0.365811, -0.0117664, -0.188653, -0.392561, -0.900175, 0.520323, 0, 0, 0, 1
216
-0.551261, 0.778364, -0.300449, -0.0589539, 0.81329, 0.420924, -0.401741, -0.0109196, -0.186229, -0.465817, -0.865069, 0.520746, 0, 0, 0, 1
217
-0.518502, 0.778781, -0.353079, -0.0586357, 0.840385, 0.387887, -0.378563, -0.011194, -0.157858, -0.493009, -0.85559, 0.514838, 0, 0, 0, 1
218
-0.488709, 0.765136, -0.419213, -0.0588291, 0.859208, 0.338679, -0.383498, -0.0118002, -0.151444, -0.547611, -0.82292, 0.515908, 0, 0, 0, 1
219
-0.458894, 0.763273, -0.454794, -0.0592674, 0.875717, 0.302039, -0.376704, -0.0127656, -0.150158, -0.571138, -0.807009, 0.513756, 0, 0, 0, 1
220
-0.425368, 0.758559, -0.493618, -0.0604773, 0.890438, 0.253241, -0.378157, -0.0143054, -0.161846, -0.600392, -0.783163, 0.513387, 0, 0, 0, 1
221
-0.384843, 0.745319, -0.544429, -0.0617213, 0.906705, 0.19497, -0.374013, -0.0168063, -0.172608, -0.637573, -0.750811, 0.513211, 0, 0, 0, 1
222
-0.385102, 0.702301, -0.598729, -0.0634919, 0.907264, 0.169252, -0.385019, -0.0175554, -0.169059, -0.691476, -0.702345, 0.514742, 0, 0, 0, 1
223
-0.389394, 0.683242, -0.617706, -0.065105, 0.900342, 0.140844, -0.411777, -0.019022, -0.194338, -0.716489, -0.669988, 0.511168, 0, 0, 0, 1
224
-0.404962, 0.6483, -0.644764, -0.0666918, 0.891727, 0.124172, -0.43522, -0.0211544, -0.202087, -0.7512, -0.628385, 0.514598, 0, 0, 0, 1
225
-0.466576, 0.611131, -0.639401, -0.0691689, 0.853214, 0.120446, -0.507475, -0.0209961, -0.233115, -0.782321, -0.577616, 0.516723, 0, 0, 0, 1
226
-0.525722, 0.598128, -0.60487, -0.0715852, 0.799921, 0.10569, -0.590736, -0.0209413, -0.289401, -0.79441, -0.534012, 0.512158, 0, 0, 0, 1
227
-0.58596, 0.57292, -0.573081, -0.0745664, 0.743279, 0.0982761, -0.661733, -0.0213026, -0.322793, -0.813707, -0.483419, 0.512248, 0, 0, 0, 1
228
-0.614153, 0.563592, -0.552439, -0.0764881, 0.692538, 0.0491975, -0.71971, -0.0216981, -0.378437, -0.824595, -0.420519, 0.509614, 0, 0, 0, 1
229
-0.691886, 0.461854, -0.554971, -0.0773068, 0.639267, 0.0345577, -0.768216, -0.0221276, -0.335618, -0.88629, -0.319153, 0.507462, 0, 0, 0, 1
230
-0.731593, 0.453436, -0.509093, -0.0793297, 0.594455, 0.0586858, -0.801992, -0.0232638, -0.333768, -0.889362, -0.312478, 0.505823, 0, 0, 0, 1
231
-0.750548, 0.438287, -0.49456, -0.0801429, 0.574089, 0.0618097, -0.816464, -0.0249486, -0.32727, -0.896714, -0.298003, 0.509096, 0, 0, 0, 1
232
-0.77234, 0.424392, -0.472642, -0.0810274, 0.547978, 0.0687999, -0.833667, -0.0264079, -0.321276, -0.902868, -0.285691, 0.508139, 0, 0, 0, 1
233
-0.790238, 0.433411, -0.433228, -0.0817262, 0.505824, 0.0622325, -0.860397, -0.0278421, -0.345938, -0.899051, -0.268406, 0.5091, 0, 0, 0, 1
234
-0.803672, 0.441597, -0.398889, -0.0823276, 0.475388, 0.0732272, -0.876731, -0.0294156, -0.357945, -0.894227, -0.268778, 0.509621, 0, 0, 0, 1
235
-0.827139, 0.426662, -0.365797, -0.0826373, 0.440655, 0.0883773, -0.893323, -0.0308215, -0.348812, -0.900089, -0.261109, 0.509067, 0, 0, 0, 1
236
-0.855504, 0.41562, -0.30884, -0.0832978, 0.38325, 0.107158, -0.917415, -0.032384, -0.348194, -0.90321, -0.250958, 0.508498, 0, 0, 0, 1
237
-0.867583, 0.443321, -0.225334, -0.0839824, 0.312504, 0.133532, -0.940492, -0.0337752, -0.386843, -0.886368, -0.254388, 0.507498, 0, 0, 0, 1
238
-0.872514, 0.462517, -0.1575, -0.085038, 0.249958, 0.145557, -0.957261, -0.0354805, -0.419816, -0.874588, -0.24261, 0.507568, 0, 0, 0, 1
239
-0.889532, 0.453312, -0.0570076, -0.0852846, 0.158022, 0.18818, -0.969346, -0.0372433, -0.428681, -0.871268, -0.239025, 0.508002, 0, 0, 0, 1
240
-0.907161, 0.417046, 0.0560243, -0.0850426, 0.0495036, 0.237986, -0.970013, -0.0388474, -0.417866, -0.877181, -0.236538, 0.50731, 0, 0, 0, 1
241
-0.878199, 0.459133, 0.134057, -0.0845918, -0.00414072, 0.272969, -0.962021, -0.0401361, -0.478281, -0.845398, -0.23782, 0.507316, 0, 0, 0, 1
242
-0.809415, 0.548947, 0.208598, -0.0841532, -0.03514, 0.309303, -0.950321, -0.0417902, -0.586188, -0.776531, -0.231066, 0.509318, 0, 0, 0, 1
243
-0.803125, 0.540499, 0.250716, -0.083215, -0.067701, 0.335286, -0.939688, -0.0424583, -0.591954, -0.771658, -0.232686, 0.509904, 0, 0, 0, 1
244
-0.811714, 0.524999, 0.255941, -0.0829558, -0.0738206, 0.342476, -0.936629, -0.0438655, -0.579375, -0.779165, -0.239238, 0.512618, 0, 0, 0, 1
245
-0.794717, 0.540599, 0.276018, -0.0816716, -0.0833047, 0.353294, -0.931803, -0.0445617, -0.601239, -0.763511, -0.235736, 0.509253, 0, 0, 0, 1
246
-0.804459, 0.530452, 0.267349, -0.0816585, -0.0852483, 0.342318, -0.935716, -0.0446931, -0.587862, -0.775533, -0.230162, 0.510495, 0, 0, 0, 1
247
-0.815335, 0.521459, 0.251628, -0.0812506, -0.0694281, 0.343406, -0.936625, -0.0447924, -0.574814, -0.78113, -0.243788, 0.512493, 0, 0, 0, 1
248
-0.797656, 0.549497, 0.248609, -0.0807141, -0.0591952, 0.338888, -0.93897, -0.0444547, -0.600203, -0.763689, -0.237789, 0.509249, 0, 0, 0, 1
249
-0.803287, 0.545824, 0.238355, -0.0807178, -0.0532935, 0.332719, -0.941526, -0.0440921, -0.593204, -0.769016, -0.238182, 0.510045, 0, 0, 0, 1
250
-0.816459, 0.533976, 0.219709, -0.0805242, -0.0335176, 0.336038, -0.941259, -0.0434586, -0.576432, -0.77586, -0.256465, 0.511626, 0, 0, 0, 1
251
-0.812935, 0.550007, 0.191403, -0.079776, -0.00198493, 0.32605, -0.945358, -0.0423125, -0.582352, -0.768892, -0.263967, 0.508919, 0, 0, 0, 1
252
-0.81746, 0.551345, 0.166685, -0.0799833, 0.0254511, 0.323681, -0.945831, -0.0409041, -0.575424, -0.768935, -0.27863, 0.508424, 0, 0, 0, 1
253
-0.826887, 0.548368, 0.124726, -0.0792781, 0.0743229, 0.326398, -0.942313, -0.0381352, -0.557437, -0.769914, -0.310651, 0.510321, 0, 0, 0, 1
254
-0.838431, 0.543299, 0.0432007, -0.0779649, 0.150408, 0.306839, -0.939809, -0.0346898, -0.523845, -0.781465, -0.33898, 0.506884, 0, 0, 0, 1
255
-0.821197, 0.569559, -0.0352979, -0.0760756, 0.244144, 0.294751, -0.923866, -0.0314412, -0.515785, -0.767291, -0.381101, 0.51025, 0, 0, 0, 1
256
-0.803586, 0.590266, -0.0764396, -0.0736974, 0.301328, 0.292704, -0.90749, -0.026729, -0.513279, -0.752277, -0.413075, 0.508191, 0, 0, 0, 1
257
-0.816522, 0.561141, -0.135719, -0.0715065, 0.366684, 0.322497, -0.872669, -0.020833, -0.445915, -0.762317, -0.469085, 0.513469, 0, 0, 0, 1
258
-0.792182, 0.568593, -0.221714, -0.0676557, 0.469585, 0.335848, -0.816523, -0.01605, -0.3898, -0.750945, -0.533053, 0.513936, 0, 0, 0, 1
259
-0.778374, 0.558595, -0.286554, -0.0651436, 0.544543, 0.373554, -0.750962, -0.0107821, -0.312434, -0.740567, -0.59494, 0.51644, 0, 0, 0, 1
260
-0.739138, 0.596029, -0.31374, -0.0629622, 0.625029, 0.433317, -0.649299, -0.00667965, -0.251046, -0.676015, -0.692811, 0.517661, 0, 0, 0, 1
261
-0.693829, 0.624347, -0.358886, -0.0610192, 0.68391, 0.415168, -0.599929, -0.0036203, -0.22556, -0.661692, -0.715048, 0.519789, 0, 0, 0, 1
262
-0.660292, 0.626227, -0.414562, -0.0593671, 0.730601, 0.407776, -0.54768, -4.21371e-05, -0.173918, -0.664506, -0.726768, 0.521157, 0, 0, 0, 1
263
-0.63744, 0.627156, -0.447607, -0.0573641, 0.760225, 0.417332, -0.4979, 0.00341759, -0.125456, -0.657661, -0.742798, 0.523321, 0, 0, 0, 1
264
-0.60177, 0.638122, -0.480292, -0.056178, 0.790103, 0.387754, -0.47476, 0.00579812, -0.116716, -0.665174, -0.737514, 0.528748, 0, 0, 0, 1
265
-0.58141, 0.634164, -0.509711, -0.0550077, 0.809892, 0.391194, -0.4371, 0.00817639, -0.0777938, -0.666943, -0.741041, 0.53143, 0, 0, 0, 1
266
-0.570416, 0.635175, -0.520755, -0.0538386, 0.81929, 0.394965, -0.415668, 0.0101942, -0.0583381, -0.66375, -0.745681, 0.534532, 0, 0, 0, 1
267
-0.574593, 0.63397, -0.517622, -0.0532418, 0.817607, 0.415955, -0.398139, 0.0119092, -0.0370975, -0.651977, -0.757335, 0.535771, 0, 0, 0, 1
268
-0.575631, 0.637442, -0.512177, -0.0529745, 0.81695, 0.421157, -0.393996, 0.0128322, -0.0354393, -0.645217, -0.763182, 0.538678, 0, 0, 0, 1
269
-0.5744, 0.629253, -0.523559, -0.0526306, 0.818241, 0.422847, -0.389483, 0.0133929, -0.0236949, -0.652113, -0.757756, 0.539643, 0, 0, 0, 1
270
-0.573574, 0.634549, -0.518044, -0.0526449, 0.818775, 0.424626, -0.386413, 0.0138206, -0.0252195, -0.645794, -0.763099, 0.542533, 0, 0, 0, 1
271
-0.581181, 0.630549, -0.514436, -0.0528181, 0.813304, 0.42837, -0.393764, 0.0138352, -0.0279152, -0.647238, -0.761781, 0.542445, 0, 0, 0, 1
272
-0.588949, 0.641648, -0.491361, -0.0531736, 0.807657, 0.445446, -0.38637, 0.0138292, -0.0290354, -0.6244, -0.780569, 0.541854, 0, 0, 0, 1
273
-0.597224, 0.637802, -0.486354, -0.0539913, 0.800605, 0.437234, -0.409723, 0.0136357, -0.048668, -0.634071, -0.771747, 0.541853, 0, 0, 0, 1
274
-0.613923, 0.63732, -0.465758, -0.0553343, 0.786461, 0.443183, -0.430212, 0.0134125, -0.0677627, -0.630414, -0.773301, 0.540861, 0, 0, 0, 1
275
-0.637415, 0.626217, -0.448958, -0.0570362, 0.766208, 0.453502, -0.455276, 0.0133324, -0.0814947, -0.634192, -0.768874, 0.540739, 0, 0, 0, 1
276
-0.650585, 0.628431, -0.426406, -0.0589827, 0.753083, 0.461334, -0.469098, 0.012838, -0.0980756, -0.626304, -0.77339, 0.538883, 0, 0, 0, 1
277
-0.658932, 0.631159, -0.409214, -0.0599167, 0.743722, 0.465146, -0.480137, 0.0122769, -0.112694, -0.620716, -0.7759, 0.536851, 0, 0, 0, 1
278
-0.672609, 0.621598, -0.401525, -0.0608325, 0.728643, 0.46158, -0.506003, 0.011996, -0.12919, -0.632907, -0.763379, 0.539514, 0, 0, 0, 1
279
